0.0 0.1488
12.683333333333334 0.1493
20.066666666666666 0.1501
24.95 0.1502
29.816666666666666 0.1501
37.2 0.1509
49.6 0.1504
55.46666666666667 0.15
60.9 0.1504
68.0 0.1503
74.13333333333334 0.1498
79.98333333333333 0.1495
80.48333333333333 0.1495
87.08333333333333 0.1488
94.33333333333333 0.1483
101.43333333333334 0.1481
107.15 0.1473
110.48333333333333 0.1473
113.3 0.147
118.71666666666667 0.1467
123.88333333333334 0.1469
128.75 0.1465
135.16666666666666 0.1473
140.6 0.148
146.58333333333334 0.1475
151.46666666666667 0.1474
158.85 0.1486
164.15 0.148
170.41666666666666 0.1481
177.66666666666666 0.148
183.86666666666667 0.1483
190.55 0.1474
195.85 0.1469
207.68333333333334 0.1483
220.8 0.1482
227.76666666666665 0.1491
233.2 0.1498
237.93333333333334 0.1502
245.33333333333334 0.1491
250.75 0.1489
256.46666666666664 0.1487
262.31666666666666 0.1491
268.75 0.1482
273.46666666666664 0.148
280.85 0.1479
287.4 0.148
293.25 0.1482
300.65 0.1494
306.06666666666666 0.1503
312.3333333333333 0.1508
319.5833333333333 0.1513
326.8333333333333 0.1525
331.7 0.1541
337.96666666666664 0.1535
343.96666666666664 0.1539
350.8 0.1546
356.65 0.1543
361.3833333333333 0.1542
368.9 0.1543
373.56666666666666 0.1547
378.5 0.1552
385.05 0.1551
391.73333333333335 0.1548
397.6 0.1552
410.4 0.1548
417.8 0.1542
425.31666666666666 0.1536
432.0 0.1535
439.25 0.1526
444.96666666666664 0.1529
452.2 0.1522
456.95 0.1521
463.76666666666665 0.1524
469.06666666666666 0.1532
475.8833333333333 0.1536
483.1333333333333 0.1535
496.93333333333334 0.1541
507.3833333333333 0.1539
519.7833333333333 0.1547
526.2 0.1548
532.3333333333334 0.1547
537.6166666666667 0.1554
543.1833333333333 0.1557
549.6166666666667 0.1553
556.5833333333334 0.1552
563.1166666666667 0.155
577.05 0.1553
583.75 0.1548
588.6166666666667 0.1547
595.4333333333333 0.1537
601.5833333333334 0.1532
606.3166666666667 0.1534
612.0333333333333 0.1523
619.1333333333333 0.1522
623.8666666666667 0.1513
631.25 0.1512
638.5 0.1517
650.0666666666667 0.1516
655.2166666666667 0.1512
660.8 0.1505
665.4 0.1507
670.1333333333333 0.1502
676.4 0.1504
681.4166666666666 0.1501
686.7166666666667 0.151
691.45 0.1501
696.6 0.1498
701.6166666666667 0.1499
705.0333333333333 0.1499
707.4666666666667 0.1502
712.4833333333333 0.1505
724.2 0.151
736.05 0.151
736.6 0.1505
742.45 0.1507
747.75 0.1508
754.9833333333333 0.1499
762.3666666666667 0.1501
767.4 0.1502
774.3666666666667 0.1501
781.6166666666667 0.1494
788.3 0.1501
794.3 0.1495
801.4 0.1498
806.7 0.1495
813.2333333333333 0.1496
818.8166666666667 0.1506
823.55 0.151
830.5333333333333 0.1507
836.0166666666667 0.1519
840.6166666666667 0.1518
847.7166666666667 0.1532
853.5666666666667 0.1528
859.8333333333334 0.1533
864.7333333333333 0.1537
872.1166666666667 0.1548
879.5833333333334 0.1551
885.2666666666667 0.1527
892.1 0.1516
898.5 0.1517
906.0333333333333 0.152
911.1833333333333 0.1522
917.1833333333333 0.1517
922.05 0.1511
929.1666666666666 0.1503
935.5666666666667 0.1496
943.1 0.1488
949.0833333333334 0.1484
953.8333333333334 0.1479
960.9333333333333 0.1473
967.2 0.1466
970.9333333333333 0.1466
973.4833333333333 0.1476
979.3333333333334 0.148
984.5 0.1476
991.1833333333333 0.147
997.1666666666666 0.1477
1002.6 0.148
1008.05 0.1477
1013.6166666666667 0.1472
1019.3333333333334 0.1474
1024.9166666666667 0.1482
1030.6166666666666 0.1483
1037.8666666666666 0.1477
1057.9333333333334 0.1475
1065.3333333333333 0.1471
1072.7 0.1472
1079.1166666666666 0.1475
1084.8333333333333 0.1473
1089.5666666666666 0.1469
1094.45 0.1466
1101.0 0.1464
1111.8666666666666 0.1462
1117.1666666666667 0.146
1122.05 0.1455
1134.45 0.145
1140.5833333333333 0.1451
1147.7833333333333 0.1474
1154.4666666666667 0.1477
1159.4833333333333 0.1469
1171.0666666666666 0.1468
1178.45 0.1471
1185.1333333333334 0.1473
1191.55 0.1471
1198.9333333333334 0.1462
1205.2166666666667 0.1463
1211.2 0.1453
1218.4833333333333 0.1435
1224.7666666666667 0.1431
1230.4833333333333 0.1429
1237.4333333333334 0.1439
1242.7333333333333 0.1416
1247.3333333333333 0.1414
1253.75 0.141
1259.1833333333334 0.1409
1265.45 0.1407
1270.3166666666666 0.1426
1277.4333333333334 0.1406
1283.0166666666667 0.1424
1288.45 0.1403
1295.0 0.1404
1302.1 0.14
1309.5166666666667 0.1396
1316.4833333333333 0.1405
1318.45 0.1405
1323.45 0.1403
1329.0166666666667 0.1408
1335.5666666666666 0.1422
1343.1 0.1418
1355.3666666666666 0.1425
1362.4666666666667 0.1439
1369.3 0.1448
1375.7166666666667 0.1458
1382.4166666666667 0.1471
1363.3333333333333 0.1448
1369.4666666666667 0.1443
1375.3166666666666 0.1441
1380.3333333333333 0.1442
1385.9166666666667 0.1446
1390.9333333333334 0.145
1397.75 0.1454
1405.15 0.1461
1409.75 0.1463
1415.7333333333333 0.1465
1422.4166666666667 0.1464
1428.15 0.1469
1433.85 0.1467
1434.7 0.1467
1441.1166666666666 0.1468
1446.8166666666666 0.1473
1453.3666666666666 0.1482
1460.7666666666667 0.1486
1468.2833333333333 0.1485
1475.1 0.1496
1479.85 0.1501
1486.25 0.1508
1492.8166666666666 0.1507
1499.65 0.152
1505.0666666666666 0.1526
1505.7166666666667 0.1526
1510.8 0.153
1517.05 0.1526
1521.65 0.1524
1529.1166666666666 0.1521
1536.1333333333334 0.152
1542.9666666666667 0.1516
1550.5 0.1509
1555.2333333333333 0.1508
1562.0666666666666 0.1503
1568.9 0.1499
1573.7833333333333 0.1498
1578.9333333333334 0.1495
1586.3166666666666 0.1493
1590.9166666666667 0.1492
1595.8 0.149
1602.2 0.1489
1607.5166666666667 0.1487
1612.25 0.1484
1619.6333333333334 0.148
1626.2833333333333 0.1501
1632.0 0.1495
1639.1 0.1491
1645.2333333333333 0.1477
1650.9166666666667 0.1469
1658.45 0.1466
1663.4666666666667 0.147
1668.3333333333333 0.1467
1675.1666666666667 0.1481
1680.6 0.1482
1686.6 0.1489
1693.7333333333333 0.1488
1698.4666666666667 0.1507
1704.1833333333334 0.152
1708.7833333333333 0.1529
1715.4833333333333 0.1549
1717.9666666666667 0.1549
1720.35 0.1562
1727.4666666666667 0.1573
1733.6 0.1576
1740.85 0.1579
1745.5833333333333 0.1581
1752.9833333333333 0.1579
1764.4166666666667 0.158
1771.8 0.1581
1777.5166666666667 0.1582
1784.4833333333333 0.1584
1789.5666666666666 0.158
1794.4833333333333 0.158
1795.0166666666667 0.1579
1801.5666666666666 0.1585
1807.85 0.1582
1812.45 0.1583
1818.4333333333334 0.1586
1824.4333333333334 0.1583
1830.9833333333333 0.1574
1835.8666666666666 0.1577
1841.3166666666666 0.1584
1846.3333333333333 0.1583
1851.35 0.1585
1858.8833333333334 0.1584
1864.3333333333333 0.159
1871.1666666666667 0.1601
1885.1166666666666 0.1611
1892.2166666666667 0.1619
1897.6666666666667 0.1617
1904.6333333333334 0.1614
1909.6666666666667 0.1617
1917.05 0.161
1923.9 0.1611
1924.8666666666666 0.1611
1929.8833333333334 0.1608
1934.9 0.1604
1940.6333333333334 0.1598
1947.7333333333333 0.1602
1954.85 0.1612
1961.75 0.1624
1967.6166666666666 0.1637
1987.9833333333333 0.1641
1994.95 0.1636
2001.2166666666667 0.1628
2006.6666666666667 0.162
2011.8166666666666 0.1609
2017.1333333333334 0.1605
2024.3833333333334 0.1589
2030.1 0.1574
2036.1 0.1563
2042.5166666666667 0.1555
2047.8166666666666 0.155
2054.9166666666665 0.1539
-1 -1
0.424
