0.0 0.1499
5.433333333333333 0.1496
10.866666666666667 0.1494
17.416666666666668 0.15
23.96666666666667 0.1499
30.65 0.1496
38.03333333333333 0.15
43.75 0.1506
49.75 0.1504
56.0 0.1499
62.833333333333336 0.1495
69.8 0.1492
77.18333333333334 0.1485
81.45 0.1485
83.03333333333333 0.1479
88.61666666666667 0.1475
94.18333333333334 0.1471
99.08333333333333 0.1466
105.61666666666667 0.1463
110.21666666666667 0.1459
111.45 0.1459
117.6 0.1455
124.85 0.1451
132.23333333333335 0.1449
137.25 0.1453
150.61666666666667 0.1456
157.86666666666667 0.1465
170.68333333333334 0.1467
175.83333333333334 0.1463
182.26666666666665 0.1467
189.28333333333333 0.148
193.88333333333333 0.1479
200.58333333333334 0.148
206.41666666666666 0.1487
218.83333333333334 0.1489
224.55 0.1486
231.93333333333334 0.15
236.8 0.1498
241.7 0.1497
247.81666666666666 0.1496
254.5 0.1486
259.25 0.1484
265.65 0.148
272.48333333333335 0.1477
279.03333333333336 0.1475
285.01666666666665 0.1473
290.1666666666667 0.1472
301.8833333333333 0.1479
309.1166666666667 0.1491
320.68333333333334 0.1488
326.9666666666667 0.1497
332.95 0.1511
337.96666666666664 0.1505
344.51666666666665 0.1506
349.25 0.151
354.68333333333334 0.1516
365.26666666666665 0.1515
371.68333333333334 0.152
376.35 0.1523
381.0 0.1533
388.1 0.1525
395.48333333333335 0.1515
402.8666666666667 0.1516
409.15 0.151
415.4166666666667 0.1504
422.25 0.1498
429.06666666666666 0.1492
434.21666666666664 0.1488
441.05 0.1484
447.4666666666667 0.1476
453.8833333333333 0.1472
460.7 0.147
467.6666666666667 0.1472
474.48333333333335 0.148
481.03333333333336 0.1486
487.73333333333335 0.1482
493.7166666666667 0.1491
501.23333333333335 0.1494
506.25 0.1493
512.3833333333333 0.1491
519.3666666666667 0.15
524.8 0.1507
529.95 0.1512
541.5166666666667 0.1522
546.5333333333333 0.1519
551.2833333333333 0.1523
558.3666666666667 0.1518
563.3833333333333 0.1526
569.9333333333333 0.1533
577.4833333333333 0.1541
582.3333333333334 0.1537
587.6333333333333 0.1532
594.7333333333333 0.1528
601.0166666666667 0.1526
607.0 0.152
612.4333333333333 0.1517
617.3 0.1514
622.8833333333333 0.1516
629.15 0.1509
633.8833333333333 0.1512
640.7166666666667 0.1524
647.0 0.1527
651.7166666666667 0.1524
657.5833333333334 0.1516
662.1666666666666 0.1523
669.7 0.1529
675.8333333333334 0.1527
681.6833333333333 0.1518
686.85 0.1523
694.3666666666667 0.1527
701.6166666666667 0.1517
706.0 0.1517
707.6 0.1518
720.5666666666667 0.151
727.8166666666667 0.1507
733.3833333333333 0.151
737.0166666666667 0.151
740.5 0.15
745.2166666666667 0.1502
750.9333333333333 0.1501
756.5166666666667 0.1494
761.1166666666667 0.1496
766.8333333333334 0.1493
772.8166666666667 0.1497
778.95 0.1496
797.9166666666666 0.149
802.9166666666666 0.1491
807.9333333333333 0.1499
813.9333333333333 0.1494
820.7666666666667 0.1491
826.6 0.1485
831.3666666666667 0.1502
838.1 0.1495
843.8 0.1497
850.9166666666666 0.1482
858.3 0.148
864.15 0.1474
871.1166666666667 0.1469
877.0833333333334 0.1466
883.5833333333334 0.1462
890.55 0.1458
895.5833333333334 0.1459
900.6 0.146
907.9666666666667 0.1467
915.0833333333334 0.147
922.05 0.1468
926.65 0.1465
933.05 0.1462
939.4833333333333 0.1459
946.15 0.1457
952.9833333333333 0.1453
960.1 0.1451
964.8333333333334 0.1447
970.1333333333333 0.1444
971.9 0.1444
977.1 0.1438
982.1166666666667 0.1435
988.1 0.1437
995.35 0.1433
1002.6 0.1435
1009.9833333333333 0.1431
1016.25 0.1427
1022.6666666666666 0.1426
1027.6833333333334 0.1423
1034.65 0.1424
1042.0333333333333 0.1422
1048.8666666666666 0.1423
1053.4666666666667 0.1421
1060.0166666666667 0.1419
1066.9833333333333 0.1414
1073.95 0.1408
1080.2333333333333 0.1404
1087.2 0.1403
1092.7666666666667 0.14
1098.75 0.1398
1105.0333333333333 0.1395
1111.5833333333333 0.1391
1116.8666666666666 0.1388
1124.1166666666666 0.1386
1129.55 0.1383
1134.4333333333334 0.138
1140.5666666666666 0.1378
1148.05 0.1385
1154.3333333333333 0.1388
1161.5666666666666 0.1384
1168.8166666666666 0.1385
1174.5333333333333 0.1384
1180.25 0.1382
1191.5333333333333 0.1376
1197.1166666666666 0.137
1203.5166666666667 0.1367
1208.4 0.1362
1215.5 0.1358
1220.9833333333333 0.1342
1225.8666666666666 0.134
1231.85 0.1337
1237.4333333333334 0.1345
1243.0 0.1328
1248.45 0.1325
1253.75 0.1324
1258.4833333333333 0.1323
1264.75 0.1332
1272.2833333333333 0.1331
1279.5166666666667 0.1322
1285.5166666666667 0.1321
1290.1 0.1325
1296.3833333333334 0.1321
1303.7666666666667 0.132
1314.5166666666667 0.1321
1319.4166666666667 0.1321
1334.3166666666666 0.1323
1341.7 0.1324
1348.95 0.1326
1354.1 0.1328
1358.7 0.134
1364.7 0.1351
1371.95 0.1359
1377.3833333333334 0.1364
1383.3833333333334 0.1372
1364.1666666666667 0.1353
1369.05 0.1355
1374.6166666666666 0.1357
1381.7166666666667 0.1364
1388.7 0.1374
1396.2166666666667 0.1383
1401.3833333333334 0.1389
1407.7833333333333 0.1396
1414.2 0.1401
1421.0166666666667 0.1406
1427.3 0.1409
1434.6833333333334 0.1413
1435.6666666666667 0.1413
1441.2333333333333 0.1416
1447.3666666666666 0.1419
1454.4666666666667 0.1429
1461.1666666666667 0.1431
1465.7666666666667 0.1436
1470.7666666666667 0.1447
1475.65 0.1462
1481.5 0.1472
1487.2166666666667 0.1477
1494.6166666666666 0.1486
1501.7166666666667 0.1504
1506.4666666666667 0.1507
1506.6833333333334 0.1507
1513.3 0.1517
1518.5833333333333 0.1515
1525.8833333333334 0.1514
1533.2 0.1517
1538.7833333333333 0.1516
1545.05 0.1511
1550.4833333333333 0.1507
1557.0333333333333 0.1504
1564.0166666666667 0.1498
1570.7 0.1493
1576.0 0.149
1581.2833333333333 0.1488
1587.0 0.1485
1591.8833333333334 0.1484
1597.6 0.1481
1604.4333333333334 0.148
1610.5666666666666 0.1477
1617.25 0.1476
1623.0833333333333 0.1474
1629.6333333333334 0.15
1636.3166666666666 0.1493
1643.4166666666667 0.1479
1647.9833333333333 0.1472
1652.7333333333333 0.1466
1660.25 0.1462
1665.2666666666667 0.1461
1670.85 0.1466
1677.8166666666666 0.1477
1682.9666666666667 0.1484
1690.4833333333333 0.1495
1696.9333333333334 0.1497
1704.45 0.1518
1711.5666666666666 0.1527
1716.3166666666666 0.1541
1718.9333333333334 0.1541
1722.7166666666667 0.1553
1727.7333333333333 0.1563
1734.0 0.157
1740.4166666666667 0.1584
1745.85 0.1581
1752.6833333333334 0.1586
1758.1333333333334 0.1587
1762.8833333333334 0.1593
1769.5666666666666 0.1591
1776.1166666666666 0.1592
1787.8333333333333 0.1596
1794.8666666666666 0.1594
1795.45 0.1594
1801.9833333333333 0.1592
1808.5333333333333 0.1586
1813.6833333333334 0.1588
1820.5166666666667 0.1593
1827.7666666666667 0.1589
1835.3 0.1586
1840.35 0.1587
1845.3333333333333 0.1594
1857.7666666666667 0.1595
1864.7333333333333 0.1601
1872.1333333333334 0.161
1878.4 0.1615
1883.15 0.1629
1889.2833333333333 0.1639
1895.0 0.1643
1899.75 0.1646
1904.6333333333334 0.1647
1910.35 0.1649
1916.6333333333334 0.1646
1925.8333333333333 0.1646
1930.9833333333333 0.1642
1935.7333333333333 0.164
1940.3333333333333 0.1636
1945.0833333333333 0.1635
1950.3833333333334 0.164
1957.3 0.1655
1964.1166666666666 0.1674
1969.55 0.1683
1975.7 0.1681
1981.6833333333334 0.1686
1987.9666666666667 0.1694
1995.2166666666667 0.17
2002.05 0.1691
2008.8833333333334 0.1684
2016.15 0.1673
2021.45 0.1668
2027.4333333333334 0.166
2032.6 0.1653
2038.3166666666666 0.1644
2044.6 0.1637
2050.5833333333335 0.1629
2058.116666666667 0.1617
-1 -1
0.424
