0.0 0.1288
24.0 0.1288
48.0 0.1288
63.983333333333334 0.1288
88.0 0.1288
93.98333333333333 0.1288
117.98333333333333 0.1288
142.0 0.1288
166.0 0.1288
190.0 0.1288
214.0 0.1288
238.01666666666665 0.1288
262.01666666666665 0.1288
286.01666666666665 0.1288
310.01666666666665 0.1288
317.15 0.1289
336.3833333333333 0.1288
360.3833333333333 0.1288
384.3833333333333 0.1288
391.68333333333334 0.129
415.68333333333334 0.129
432.7833333333333 0.1289
447.26666666666665 0.129
454.51666666666665 0.1292
459.1166666666667 0.1293
464.4 0.1294
476.4 0.1293
481.1333333333333 0.1294
494.3666666666667 0.1295
501.9 0.1297
509.0 0.1299
514.4333333333333 0.13
531.85 0.1301
555.85 0.1301
557.7666666666667 0.13
570.3 0.1299
589.95 0.1298
601.9333333333333 0.1297
622.5666666666667 0.1298
633.2833333333333 0.1297
642.6333333333333 0.1298
647.9166666666666 0.1299
655.0166666666667 0.13
661.1666666666666 0.1301
678.1666666666666 0.13
688.5333333333333 0.13
690.1333333333333 0.1302
707.7 0.1303
713.8333333333334 0.1304
719.55 0.1304
742.1166666666667 0.1306
760.3666666666667 0.1307
766.1 0.1308
772.2166666666667 0.1309
790.6166666666667 0.131
811.2666666666667 0.1309
831.0833333333334 0.1311
837.0666666666667 0.1312
843.0666666666667 0.1313
865.0 0.1312
887.4333333333333 0.1314
909.0333333333333 0.1315
933.0333333333333 0.1315
936.0833333333334 0.1316
954.4333333333333 0.1316
959.4833333333333 0.1317
965.3333333333334 0.1316
979.0 0.1315
985.55 0.1313
992.5166666666667 0.1314
1005.2 0.1316
1011.3333333333334 0.1318
1016.2166666666667 0.1319
1023.05 0.132
1029.8833333333334 0.1322
1035.3 0.1323
1042.8333333333333 0.1326
1050.0666666666666 0.1334
1057.05 0.1342
1062.4833333333333 0.1347
1068.75 0.1352
1074.8833333333334 0.1356
1079.6333333333334 0.1358
1086.1666666666667 0.136
1093.2833333333333 0.1361
1105.55 0.1362
1112.2333333333333 0.1364
1117.8 0.1363
1123.8 0.1359
1128.6333333333334 0.1357
1133.65 0.1354
1138.95 0.1352
1146.2 0.135
1152.1833333333334 0.1346
1157.7666666666667 0.134
1165.15 0.1333
1170.5833333333333 0.1325
1177.1333333333334 0.1323
1182.2833333333333 0.1321
1192.1833333333334 0.132
1198.7166666666667 0.1323
1205.3333333333333 0.1322
1211.3166666666666 0.132
1216.6166666666666 0.1318
1228.6 0.132
1240.7333333333333 0.1319
1247.1333333333334 0.1318
1253.9666666666667 0.1319
1260.6666666666667 0.132
1274.8666666666666 0.1321
1281.8333333333333 0.132
1287.0 0.1321
1292.5833333333333 0.1323
1301.95 0.1323
1323.4 0.1322
1330.5 0.1321
1335.25 0.1322
1340.95 0.132
1346.5333333333333 0.1319
1351.4166666666667 0.1318
1369.1666666666667 0.132
1357.9833333333333 0.1322
1363.8333333333333 0.1331
1369.4166666666667 0.1337
1376.9333333333334 0.1346
1382.7833333333333 0.1359
1387.8 0.1365
1393.5166666666667 0.1358
1399.65 0.1348
1406.9 0.1337
1413.3166666666666 0.1327
1418.2 0.1327
1420.0 0.1322
1427.3833333333334 0.132
1433.25 0.1319
1438.95 0.1317
1444.95 0.1316
1451.3666666666666 0.1315
1457.2166666666667 0.1314
1463.7666666666667 0.1312
1477.85 0.1311
1484.5333333333333 0.1309
1489.2166666666667 0.1309
1491.65 0.1308
1506.1333333333334 0.1307
1512.4833333333333 0.1306
1526.4666666666667 0.1305
1531.9 0.1303
1543.2 0.1304
1550.5833333333333 0.1308
1557.1333333333334 0.1309
1569.4 0.131
1576.5 0.1309
1594.6333333333334 0.131
1610.3333333333333 0.1307
1621.6333333333334 0.1306
1628.8833333333334 0.1305
1634.9833333333333 0.1304
1641.95 0.1303
1646.55 0.1302
1657.9666666666667 0.1304
1664.3833333333334 0.1306
1671.35 0.1309
1676.95 0.1311
1684.2 0.1313
1689.9166666666667 0.1311
1696.8833333333334 0.1309
1701.4666666666667 0.1309
1703.85 0.1307
1710.9666666666667 0.1305
1717.65 0.1303
1724.4833333333333 0.1306
1731.4666666666667 0.1309
1736.75 0.131
1755.1666666666667 0.1309
1766.8666666666666 0.1308
1780.05 0.1311
1786.05 0.1314
1793.0166666666667 0.1315
1799.9833333333333 0.1316
1806.8166666666666 0.1318
1812.1166666666666 0.1317
1819.3666666666666 0.1318
1825.7833333333333 0.132
1832.2 0.1319
1838.0666666666666 0.1318
1844.3333333333333 0.1316
1868.2 0.1315
1880.8833333333334 0.1314
1885.9 0.1313
1891.2 0.1312
1898.0333333333333 0.1311
1908.3666666666666 0.1311
1910.1666666666667 0.131
1934.1666666666667 0.131
1936.1166666666666 0.1309
1949.5833333333333 0.1319
1957.1166666666666 0.1337
1962.1333333333334 0.1358
1967.85 0.138
1974.55 0.1413
1980.2666666666667 0.1435
1986.2666666666667 0.1462
1991.85 0.1479
1996.7166666666667 0.1497
2002.0166666666667 0.1516
2008.5833333333333 0.1527
2014.7166666666667 0.1534
2021.6833333333334 0.1541
2026.4333333333334 0.1548
2033.55 0.1554
2039.1166666666666 0.1563
-1 -1
0.424
