0.0 0.1505
5.15 0.1511
11.983333333333333 0.1508
18.53333333333333 0.1506
23.266666666666666 0.1501
35.25 0.1504
40.68333333333333 0.1502
46.95 0.1496
52.11666666666667 0.1493
58.38333333333333 0.1491
64.23333333333333 0.1489
70.08333333333333 0.1483
72.81666666666666 0.1483
77.18333333333334 0.1477
82.2 0.1474
88.08333333333333 0.1469
93.5 0.1466
98.23333333333333 0.1463
102.81666666666666 0.1463
105.2 0.1453
110.21666666666667 0.1449
116.91666666666667 0.145
124.01666666666667 0.1453
130.41666666666666 0.1456
137.38333333333333 0.1453
143.66666666666666 0.1454
150.9 0.1455
158.01666666666665 0.1453
164.0 0.1447
169.15 0.145
175.75 0.1459
183.16666666666666 0.1462
188.18333333333334 0.1453
194.31666666666666 0.1454
200.18333333333334 0.1459
206.15 0.1456
212.98333333333332 0.1451
217.73333333333332 0.1447
224.83333333333334 0.1451
231.23333333333332 0.1449
237.78333333333333 0.1442
245.03333333333333 0.1435
252.56666666666666 0.1428
259.6666666666667 0.1422
264.4166666666667 0.1418
271.93333333333334 0.1413
278.3333333333333 0.1407
292.1333333333333 0.1408
297.85 0.1418
305.3833333333333 0.1422
311.9166666666667 0.1424
317.76666666666665 0.1433
323.2 0.1447
330.03333333333336 0.1445
334.9166666666667 0.1448
339.9166666666667 0.1456
346.05 0.1461
353.3 0.1459
359.98333333333335 0.1467
372.3666666666667 0.1479
377.1 0.1474
382.1333333333333 0.1473
388.53333333333336 0.1465
396.05 0.1469
402.05 0.1459
408.03333333333336 0.1451
415.0 0.1444
420.5833333333333 0.1433
428.1 0.1426
434.78333333333336 0.1419
439.51666666666665 0.1412
444.68333333333334 0.1406
450.25 0.1405
456.8 0.1401
461.55 0.1398
468.51666666666665 0.14
474.6333333333333 0.1399
480.5 0.1398
485.93333333333334 0.1401
492.06666666666666 0.1405
497.48333333333335 0.1407
502.1 0.1406
507.3833333333333 0.1404
514.2166666666667 0.1408
521.1666666666666 0.1421
526.2 0.1416
533.3 0.1428
539.2833333333333 0.1434
545.7166666666667 0.1437
551.1333333333333 0.1436
563.25 0.1442
568.15 0.1441
575.5166666666667 0.1437
580.8166666666667 0.1439
587.3666666666667 0.1435
594.6 0.1424
601.0166666666667 0.1419
606.7333333333333 0.1422
614.25 0.1416
627.0666666666667 0.1408
633.6166666666667 0.1415
641.0 0.1424
647.1333333333333 0.142
653.2666666666667 0.1411
658.1333333333333 0.1414
664.1333333333333 0.1408
668.8833333333333 0.1409
675.9833333333333 0.1415
681.9666666666667 0.1416
687.55 0.1415
694.9333333333333 0.1408
697.3666666666667 0.1408
700.0833333333334 0.1407
707.4666666666667 0.1406
714.7166666666667 0.1403
719.3166666666667 0.14
725.3166666666667 0.1399
728.3833333333333 0.1399
731.1666666666666 0.1394
737.5666666666667 0.139
743.85 0.1389
748.8666666666667 0.1388
756.3833333333333 0.1391
762.65 0.1392
768.7833333333333 0.1391
774.0833333333334 0.1386
780.35 0.1392
786.4833333333333 0.1387
792.3333333333334 0.1394
797.2 0.1401
807.1 0.1397
819.6666666666666 0.14
826.1166666666667 0.1408
832.8 0.1406
837.8166666666667 0.1403
843.25 0.1405
848.6833333333333 0.1406
856.2166666666667 0.1403
862.6333333333333 0.1396
875.5166666666667 0.1392
882.3333333333334 0.1389
893.4833333333333 0.1386
900.0333333333333 0.1384
905.75 0.1386
912.7333333333333 0.1389
919.4 0.1388
924.15 0.139
930.1333333333333 0.1392
935.0166666666667 0.1393
940.0333333333333 0.1391
946.4333333333333 0.1388
952.4333333333333 0.1391
957.5833333333334 0.1385
962.75 0.1387
963.2666666666667 0.1387
974.7333333333333 0.1386
980.0333333333333 0.139
987.4166666666666 0.1387
993.2666666666667 0.1392
1000.65 0.139
1007.2 0.1386
1011.95 0.1385
1019.05 0.1386
1029.5 0.1384
1036.3333333333333 0.1382
1041.4833333333333 0.1383
1048.3166666666666 0.1381
1055.7 0.1379
1062.8166666666666 0.1383
1067.6833333333334 0.1386
1074.8 0.1387
1080.3833333333334 0.1383
1085.8166666666666 0.1381
1092.0666666666666 0.138
1098.4833333333333 0.1376
1105.0333333333333 0.1371
1111.1666666666667 0.1369
1124.6833333333334 0.1363
1135.7333333333333 0.1378
1143.3166666666666 0.1373
1148.6166666666666 0.1371
1156.15 0.1367
1163.4 0.1363
1169.9333333333334 0.1362
1177.4666666666667 0.1367
1184.1666666666667 0.1361
1190.7 0.1353
1196.7 0.1357
1201.4333333333334 0.1356
1208.3 0.134
1215.15 0.1333
1220.3166666666666 0.1329
1226.85 0.1323
1237.8666666666666 0.1322
1242.6 0.1321
1249.9833333333333 0.132
1260.85 0.1323
1272.8333333333333 0.1319
1280.3666666666666 0.1318
1300.3 0.1317
1306.7333333333333 0.1319
1310.7833333333333 0.1319
1312.3 0.1318
1317.8833333333334 0.1317
1323.6 0.1318
1328.6 0.132
1350.7666666666667 0.1322
1356.2 0.1323
1363.5833333333333 0.1324
1370.15 0.1329
1375.0166666666667 0.1336
1356.3666666666666 0.1324
1366.4 0.1329
1372.8166666666666 0.1325
1378.3833333333334 0.1333
1384.65 0.1337
1390.3666666666666 0.1339
1394.9833333333333 0.1342
1399.85 0.1345
1404.5833333333333 0.1347
1410.85 0.1351
1415.8666666666666 0.1353
1421.0333333333333 0.1352
1426.6 0.1354
1427.0333333333333 0.1354
1431.6166666666666 0.1356
1437.3333333333333 0.1357
1449.8833333333334 0.1364
1455.0333333333333 0.1369
1459.9166666666667 0.1372
1466.75 0.1388
1473.85 0.14
1481.3833333333334 0.1411
1488.0833333333333 0.1415
1494.6166666666666 0.1427
1498.05 0.1427
1500.9 0.143
1506.75 0.1427
1513.4333333333334 0.1425
1518.5 0.1422
1524.15 0.1427
1529.3166666666666 0.1429
1535.7166666666667 0.1423
1542.2666666666667 0.1422
1552.8666666666666 0.142
1557.4666666666667 0.1419
1569.3166666666666 0.1412
1575.5833333333333 0.1411
1581.0166666666667 0.1406
1588.1333333333334 0.1404
1601.1 0.1403
1606.5333333333333 0.1398
1612.7666666666667 0.1399
1619.1666666666667 0.1422
1625.8666666666666 0.1417
1633.25 0.1409
1638.65 0.1405
1644.3666666666666 0.1403
1650.9166666666667 0.1401
1658.3 0.1403
1663.6 0.1414
1670.0166666666667 0.1415
1675.3 0.1417
1682.6166666666666 0.1412
1690.1166666666666 0.1425
1696.9333333333334 0.1428
1702.2333333333333 0.1444
1707.95 0.1438
1710.3 0.1438
1714.2166666666667 0.1446
1719.3833333333334 0.1463
1725.1 0.1456
1729.9666666666667 0.1458
1735.2833333333333 0.1457
1741.55 0.1461
1747.4166666666667 0.146
1753.9666666666667 0.147
1758.8333333333333 0.1464
1763.8666666666666 0.1466
1769.2833333333333 0.1469
1775.0 0.1472
1780.65 0.1476
1787.2166666666667 0.1484
1794.6 0.1486
1799.9 0.1484
1807.0166666666667 0.1491
1812.7166666666667 0.1498
1820.1 0.1496
1826.9333333333334 0.1491
1832.95 0.1495
1839.6333333333334 0.1493
1846.4833333333333 0.149
1853.1666666666667 0.1491
1859.1666666666667 0.1492
1870.75 0.1493
1877.1666666666667 0.1501
1883.5833333333333 0.1508
1888.4666666666667 0.1507
1893.7666666666667 0.1503
1899.7666666666667 0.1498
1905.75 0.1496
1912.5833333333333 0.1495
1917.2 0.1495
1919.0 0.1486
1925.2833333333333 0.1482
1930.3 0.1486
1936.0166666666667 0.1478
1943.0 0.1482
1948.8166666666666 0.1497
1953.6666666666667 0.1509
1964.9666666666667 0.1507
1970.1333333333334 0.1508
1975.85 0.1509
1982.8166666666666 0.1516
1990.2166666666667 0.1511
1995.5 0.1507
2000.5333333333333 0.1505
2005.8333333333333 0.15
2011.1333333333334 0.1493
2016.0166666666667 0.1489
2020.7666666666667 0.1483
2026.2 0.1475
2033.1666666666667 0.1473
2038.2 0.147
2045.1666666666667 0.1463
-1 -1
0.424
