0.0 0.1352
24.0 0.1352
48.016666666666666 0.1352
72.01666666666667 0.1352
81.78333333333333 0.1352
105.8 0.1352
111.78333333333333 0.1352
135.8 0.1352
141.8 0.1352
165.8 0.1352
189.81666666666666 0.1352
213.81666666666666 0.1352
222.75 0.1352
246.76666666666665 0.1352
251.78333333333333 0.1352
275.8 0.1352
299.8 0.1352
323.8 0.1352
347.8 0.1352
371.81666666666666 0.1352
395.81666666666666 0.1352
419.81666666666666 0.1352
443.8333333333333 0.1352
467.8333333333333 0.1352
477.43333333333334 0.1357
484.68333333333334 0.1355
490.1166666666667 0.136
503.0833333333333 0.1363
510.05 0.1362
514.65 0.1365
521.3333333333334 0.1368
534.5666666666667 0.1371
539.3 0.1373
545.0333333333333 0.1378
549.7666666666667 0.1379
555.3333333333334 0.1382
559.3166666666667 0.1382
561.3166666666667 0.1386
568.3 0.139
574.2833333333333 0.1389
579.5833333333334 0.1388
584.8833333333333 0.1389
595.1833333333333 0.1394
601.8833333333333 0.1397
609.25 0.1396
614.6833333333333 0.1395
621.25 0.1398
628.6166666666667 0.1403
635.0333333333333 0.1416
640.3333333333334 0.1425
647.4333333333333 0.1424
650.3333333333334 0.1424
653.5666666666667 0.1431
660.5333333333333 0.145
665.8333333333334 0.1463
678.9333333333333 0.1462
682.3333333333334 0.1462
686.45 0.148
691.75 0.1495
696.6166666666667 0.1496
703.7166666666667 0.1508
710.8333333333334 0.1507
713.3333333333334 0.1507
717.5333333333333 0.1518
725.05 0.1522
730.9 0.152
737.6 0.1529
743.5833333333334 0.153
749.7166666666667 0.1521
755.7 0.1526
761.0 0.1528
767.0 0.1527
776.35 0.1527
778.0 0.1525
784.55 0.1524
790.25 0.1516
795.8333333333334 0.1517
801.5666666666667 0.1527
808.3333333333334 0.1527
815.6333333333333 0.1521
820.9166666666666 0.152
827.8166666666667 0.1524
833.1 0.1523
839.2333333333333 0.1521
846.75 0.152
854.1333333333333 0.1522
859.0166666666667 0.1526
864.5833333333334 0.1512
871.25 0.1509
878.1666666666666 0.1514
885.1333333333333 0.1507
889.8833333333333 0.1501
896.9833333333333 0.1508
903.6833333333333 0.1509
909.4 0.1502
914.6833333333333 0.1509
919.9833333333333 0.15
926.1166666666667 0.1496
932.5333333333333 0.1489
944.65 0.1495
951.0666666666667 0.1487
956.6333333333333 0.149
963.7333333333333 0.1491
970.0166666666667 0.1516
974.9 0.1519
981.5833333333334 0.1533
988.9666666666667 0.1528
994.8166666666667 0.1549
1005.55 0.1548
1011.8333333333334 0.1545
1018.9333333333333 0.156
1024.6333333333334 0.1567
1029.9333333333334 0.1566
1035.1 0.1567
1040.95 0.1574
1047.7666666666667 0.1581
1053.5 0.1579
1060.05 0.1577
1066.1666666666667 0.1582
1073.4166666666667 0.1598
1087.0833333333333 0.1596
1097.6666666666667 0.1594
1102.4 0.1608
1107.2833333333333 0.1627
1111.8833333333334 0.1646
1118.3 0.167
1124.9833333333333 0.1695
1130.7 0.1716
1137.2333333333333 0.1723
1143.2 0.1708
1146.8 0.1708
1150.1666666666667 0.1686
1156.45 0.1667
1162.5833333333333 0.165
1169.1166666666666 0.1635
1174.0 0.1622
1180.6833333333334 0.1611
1186.9666666666667 0.1597
1192.95 0.1585
1198.95 0.1579
1204.8 0.1559
1209.45 0.1559
1209.65 0.1598
1214.8833333333334 0.1579
1221.15 0.1565
1228.1166666666666 0.1552
1233.8333333333333 0.1541
1240.6666666666667 0.1524
1246.5166666666667 0.1517
1252.0833333333333 0.1511
1258.65 0.1488
1265.3166666666666 0.1483
1271.6 0.1489
1276.75 0.1472
1282.2 0.1467
1289.3 0.1457
1296.1333333333334 0.1445
1300.7333333333333 0.1437
1305.4833333333333 0.1438
1312.3166666666666 0.1436
1316.9166666666667 0.1431
1323.6 0.1424
1329.1833333333334 0.1422
1335.7333333333333 0.1418
1342.8333333333333 0.1414
1353.85 0.1411
1358.7333333333333 0.1404
1363.8833333333334 0.1397
1370.85 0.139
1377.4166666666667 0.1388
1360.1333333333334 0.1386
1365.3 0.1385
1371.9833333333333 0.1384
1384.5333333333333 0.1383
1391.65 0.1381
1397.6333333333334 0.138
1409.05 0.1379
1415.4833333333333 0.1377
1422.45 0.1375
1429.2666666666667 0.1372
1436.2333333333333 0.137
1438.0 0.137
1441.4 0.1368
1448.0833333333333 0.1366
1454.5 0.1367
1461.1833333333334 0.1369
1485.1833333333334 0.1369
1489.2 0.1368
1513.2 0.1368
1523.55 0.1367
1524.0666666666666 0.1367
1538.25 0.1366
1545.5 0.1364
1557.2 0.1363
1564.1666666666667 0.1362
1569.4666666666667 0.1361
1583.7 0.136
1590.9333333333334 0.1358
1609.3333333333333 0.1356
1616.8333333333333 0.1354
1622.8166666666666 0.1357
1627.55 0.1355
1634.1 0.1354
1655.25 0.1353
1661.95 0.1352
1685.95 0.1352
1696.7666666666667 0.1352
1712.45 0.1352
1736.4666666666667 0.1352
1760.4666666666667 0.1352
1784.4666666666667 0.1352
1808.4666666666667 0.1352
1832.4666666666667 0.1352
1856.4666666666667 0.1352
1879.15 0.1352
1903.15 0.1352
1927.1666666666667 0.1352
1951.1666666666667 0.1352
1964.15 0.1359
1970.2833333333333 0.1367
1977.4 0.1377
1982.5666666666666 0.1381
1987.5833333333333 0.1386
1994.2666666666667 0.1397
2001.25 0.1424
2005.9833333333333 0.1437
2011.9833333333333 0.1455
2015.7833333333333 0.1455
2016.8666666666666 0.1475
2022.8666666666666 0.1487
2029.4166666666667 0.15
2035.1333333333334 0.1515
2042.1166666666666 0.1535
2048.6666666666665 0.1554
-1 -1
0.448
