0.0 0.1404
12.116666666666667 0.1407
18.95 0.1409
29.25 0.1412
34.016666666666666 0.1415
39.15 0.1421
44.03333333333333 0.1424
50.3 0.1422
55.46666666666667 0.142
62.7 0.1422
68.83333333333333 0.1423
74.4 0.1425
80.68333333333334 0.1426
82.46666666666667 0.1426
88.06666666666666 0.1429
93.91666666666667 0.1431
99.21666666666667 0.1428
105.9 0.143
112.46666666666667 0.143
113.41666666666667 0.1431
118.45 0.1432
129.86666666666667 0.1438
135.73333333333332 0.1444
142.48333333333332 0.1444
149.08333333333334 0.1457
153.96666666666667 0.1459
160.95 0.1461
166.65 0.146
174.03333333333333 0.1467
180.23333333333335 0.147
185.53333333333333 0.1472
190.83333333333334 0.1477
196.11666666666667 0.1484
209.51666666666668 0.1485
214.25 0.1483
220.93333333333334 0.1492
223.43333333333334 0.1492
228.03333333333333 0.1497
232.91666666666666 0.1505
239.9 0.1508
245.18333333333334 0.1512
250.88333333333333 0.1508
252.46666666666667 0.1508
256.6 0.151
261.3333333333333 0.1509
266.5 0.1517
283.21666666666664 0.1523
288.1 0.1533
294.21666666666664 0.1538
298.96666666666664 0.1541
305.51666666666665 0.1549
312.05 0.1555
318.75 0.156
326.0 0.1561
331.98333333333335 0.1568
338.3833333333333 0.1567
345.7833333333333 0.1581
352.75 0.1582
358.03333333333336 0.1586
364.73333333333335 0.1583
370.4166666666667 0.158
375.01666666666665 0.1573
381.7 0.1579
386.5833333333333 0.1578
392.43333333333334 0.1586
397.03333333333336 0.1581
404.28333333333336 0.1575
410.4166666666667 0.1583
416.68333333333334 0.1573
422.81666666666666 0.1562
427.68333333333334 0.1553
435.21666666666664 0.1556
441.6166666666667 0.155
447.8833333333333 0.154
454.15 0.1533
460.98333333333335 0.1546
466.0 0.1548
471.43333333333334 0.1555
476.1666666666667 0.1561
483.0 0.1557
489.4166666666667 0.1569
496.65 0.1562
501.25 0.1559
507.8 0.1566
514.35 0.1572
520.6166666666667 0.1575
525.6333333333333 0.158
532.1833333333333 0.1581
538.4666666666667 0.159
544.6 0.1588
549.1833333333333 0.159
560.0 0.159
561.1666666666666 0.1587
568.5666666666667 0.1583
573.7166666666667 0.1578
586.1166666666667 0.1575
591.8333333333334 0.1567
598.7833333333333 0.1559
603.6666666666666 0.1556
609.5166666666667 0.1555
614.8166666666667 0.1547
621.5 0.1542
626.9333333333333 0.1532
633.6333333333333 0.1525
640.45 0.1513
645.4666666666667 0.151
651.0166666666667 0.151
653.0 0.1509
659.8166666666667 0.1504
665.8166666666667 0.1496
673.0666666666667 0.1498
680.0333333333333 0.1492
683.0166666666667 0.1492
685.0333333333333 0.1488
690.3333333333334 0.1485
695.7833333333333 0.1482
706.65 0.1478
713.3333333333334 0.1472
714.0166666666667 0.1472
718.35 0.1469
723.0833333333334 0.1477
733.1166666666667 0.1474
738.4166666666666 0.1472
744.55 0.1468
750.5333333333333 0.1469
762.9333333333333 0.1467
777.0333333333333 0.1467
783.0 0.1466
788.1666666666666 0.1467
794.7166666666667 0.1472
800.2833333333333 0.1474
805.1666666666666 0.1475
809.0166666666667 0.1475
811.9833333333333 0.1474
817.0 0.1482
823.4333333333333 0.1485
829.05 0.1489
834.2 0.1488
841.3 0.1493
848.6833333333333 0.1496
855.6666666666666 0.1491
867.6666666666666 0.1497
872.9 0.1493
879.55 0.1489
884.85 0.1486
892.2333333333333 0.1483
898.65 0.148
909.2333333333333 0.1477
914.3833333333333 0.1473
921.7833333333333 0.147
928.4666666666667 0.1469
934.1833333333333 0.1467
939.4833333333333 0.1464
945.2 0.1462
949.9333333333333 0.146
955.3666666666667 0.1457
960.1 0.1455
970.0 0.1454
974.7333333333333 0.1455
979.75 0.1454
986.7333333333333 0.1447
994.1 0.1445
998.9833333333333 0.1444
1005.95 0.1439
1013.4833333333333 0.1432
1020.1666666666666 0.1427
1027.55 0.1426
1040.3833333333334 0.1425
1046.3666666666666 0.1429
1052.5 0.1428
1061.9833333333333 0.1426
1068.95 0.143
1074.8 0.1437
1097.3833333333334 0.1435
1104.9 0.1437
1110.7666666666667 0.1445
1118.1333333333334 0.1453
1124.9666666666667 0.1459
1129.5833333333333 0.1455
1134.5833333333333 0.1458
1139.9833333333333 0.1464
1147.0833333333333 0.1457
1147.4833333333333 0.1457
1153.35 0.1444
1158.2333333333333 0.1435
1164.8 0.1431
1169.5166666666667 0.1429
1175.2333333333333 0.142
1180.6833333333334 0.1415
1188.2 0.1408
1194.6166666666666 0.1404
1200.6 0.1394
1206.6 0.1389
1210.1333333333334 0.1389
1211.5166666666667 0.141
1218.35 0.1406
1223.65 0.1402
1230.75 0.1396
1235.4833333333333 0.1395
1241.35 0.1389
1247.9 0.1388
1254.0166666666667 0.1386
1266.0 0.1384
1277.85 0.1383
1284.1333333333334 0.1382
1289.0 0.1381
1309.2333333333333 0.1382
1318.85 0.1381
1325.6833333333334 0.1382
1332.9333333333334 0.1384
1340.3166666666666 0.1385
1345.9 0.1386
1358.3 0.1387
1364.15 0.1386
1359.0166666666667 0.1383
1372.6666666666667 0.1382
1379.6333333333334 0.1381
1384.65 0.138
1391.6166666666666 0.1379
1396.7833333333333 0.1378
1409.1833333333334 0.1377
1419.7833333333333 0.1376
1424.8 0.1375
1429.95 0.1374
1438.6833333333334 0.1374
1443.7666666666667 0.1373
1463.55 0.1372
1476.2166666666667 0.1373
1482.3666666666666 0.1372
1496.7166666666667 0.1373
1509.6666666666667 0.1374
1514.4166666666667 0.1375
1524.75 0.1375
1533.6333333333334 0.1377
1540.6 0.1378
1552.6 0.1379
1576.6 0.1379
1581.5833333333333 0.1378
1605.5833333333333 0.1378
1619.5333333333333 0.138
1626.3 0.1379
1639.25 0.138
1644.3833333333334 0.1381
1655.8 0.1383
1662.7666666666667 0.1386
1669.45 0.1387
1675.3 0.1388
1681.3 0.1391
1686.2333333333333 0.1388
1692.2 0.1392
1697.45 0.1392
1698.05 0.1397
1703.9 0.1407
1708.4833333333333 0.1407
1709.2 0.1431
1713.1333333333334 0.1431
1715.2 0.1424
1721.4833333333333 0.1433
1728.0333333333333 0.1441
1734.7166666666667 0.1446
1741.1333333333334 0.145
1750.7666666666667 0.1452
1757.45 0.1458
1770.8333333333333 0.1456
1776.6833333333334 0.1457
1783.5833333333333 0.1461
1789.0333333333333 0.1465
1795.3166666666666 0.1468
1802.4166666666667 0.1477
1809.3833333333334 0.1482
1815.9333333333334 0.1485
1820.95 0.1488
1827.65 0.1497
1834.2333333333333 0.1506
1840.75 0.1516
1846.2 0.1523
1853.1666666666667 0.1537
1858.3333333333333 0.1543
1870.6166666666666 0.1548
1877.3 0.1549
1879.8333333333333 0.1549
1882.3333333333333 0.1545
1889.8666666666666 0.1542
1895.1666666666667 0.1539
1900.1833333333334 0.1538
1905.2 0.1536
1912.45 0.1533
1932.4 0.1531
1939.2333333333333 0.1529
1945.2333333333333 0.1536
1952.85 0.1546
1958.4166666666667 0.156
1964.9666666666667 0.1564
1970.1333333333334 0.158
1976.8333333333333 0.1584
1981.5666666666666 0.1587
1987.9833333333333 0.1586
2001.5166666666667 0.1579
2007.5166666666667 0.1573
2014.4833333333333 0.1574
2016.4666666666667 0.1574
2020.75 0.157
2026.9 0.1565
2033.0333333333333 0.1563
2037.6333333333334 0.1558
2043.6333333333334 0.1562
2048.383333333333 0.156
-1 -1
0.448
