0.0 0.1452
7.516666666666666 0.1454
14.333333333333334 0.1452
20.333333333333332 0.1455
37.46666666666667 0.1458
42.483333333333334 0.1467
47.65 0.1465
55.03333333333333 0.1462
68.4 0.1469
74.11666666666667 0.1471
80.11666666666667 0.1475
83.15 0.1475
86.65 0.1473
91.66666666666667 0.1474
98.5 0.1469
103.65 0.1467
109.51666666666667 0.1466
113.15 0.1466
115.63333333333334 0.1463
121.63333333333333 0.1462
135.0 0.147
140.73333333333332 0.1476
143.16666666666666 0.1476
148.25 0.1486
153.68333333333334 0.149
161.06666666666666 0.1495
167.61666666666667 0.15
174.01666666666665 0.1499
179.95 0.1506
186.63333333333333 0.1528
191.65 0.1535
196.38333333333333 0.1537
201.25 0.1535
214.93333333333334 0.1532
224.11666666666667 0.1532
229.55 0.1535
234.45 0.1538
239.45 0.1535
246.98333333333335 0.153
252.0 0.1528
253.15 0.1528
259.23333333333335 0.1544
263.98333333333335 0.1553
271.3666666666667 0.1562
276.3833333333333 0.1565
281.6666666666667 0.158
286.4 0.1582
292.81666666666666 0.1599
299.78333333333336 0.1609
306.75 0.1623
313.43333333333334 0.1632
320.0 0.1633
327.51666666666665 0.1632
332.53333333333336 0.164
342.98333333333335 0.1644
347.98333333333335 0.1653
353.01666666666665 0.1656
360.53333333333336 0.1662
367.1333333333333 0.1668
374.01666666666665 0.1673
381.26666666666665 0.1678
388.3833333333333 0.1679
394.23333333333335 0.1685
401.06666666666666 0.1679
407.46666666666664 0.168
412.06666666666666 0.1684
418.75 0.1671
424.8833333333333 0.1652
429.9 0.1644
437.43333333333334 0.1647
443.15 0.1639
449.26666666666665 0.1625
453.8666666666667 0.162
458.8833333333333 0.1625
464.45 0.1636
470.8666666666667 0.1646
478.3833333333333 0.1651
485.0833333333333 0.1655
490.3666666666667 0.1662
505.28333333333336 0.1657
512.6666666666666 0.1665
525.6166666666667 0.1658
530.5166666666667 0.1659
537.3333333333334 0.1665
544.0166666666667 0.1669
549.3166666666667 0.1666
556.7 0.1672
560.6833333333333 0.1672
562.9833333333333 0.1671
569.5166666666667 0.1669
574.1166666666667 0.167
581.0833333333334 0.1667
587.9 0.1657
593.3333333333334 0.1651
599.7666666666667 0.1642
605.1833333333333 0.1641
610.9 0.1642
616.4666666666667 0.1635
621.0666666666667 0.163
626.7833333333333 0.1626
633.75 0.1625
639.3166666666667 0.162
645.45 0.1617
650.2 0.1621
651.7 0.1621
655.0666666666667 0.1623
661.75 0.1628
668.8666666666667 0.1627
673.6166666666667 0.1626
680.7166666666667 0.163
683.7 0.163
686.8333333333334 0.1638
694.3666666666667 0.1644
700.0666666666667 0.1649
706.35 0.165
710.95 0.1651
714.7 0.1651
716.1 0.1648
721.8166666666667 0.1651
727.5333333333333 0.1662
732.55 0.1659
738.55 0.1653
745.1 0.1657
751.7833333333333 0.165
757.5 0.1646
764.8833333333333 0.1649
769.6166666666667 0.1647
775.05 0.1643
777.7166666666667 0.1643
780.2 0.1648
786.3333333333334 0.1641
792.3333333333334 0.1647
797.0833333333334 0.1646
802.0833333333334 0.1649
806.9666666666667 0.1657
809.7 0.1657
813.5166666666667 0.1651
818.1 0.1655
825.2333333333333 0.1652
830.85 0.1664
835.5833333333334 0.1654
841.0166666666667 0.165
846.1666666666666 0.1651
853.7 0.1628
861.2333333333333 0.1617
866.9333333333333 0.1612
874.2833333333333 0.1604
880.5166666666667 0.1601
888.0333333333333 0.159
894.8666666666667 0.1586
900.3166666666667 0.1579
906.3 0.1576
911.0333333333333 0.157
918.1333333333333 0.1562
923.45 0.1557
928.0333333333333 0.1553
935.5833333333334 0.1544
941.5666666666667 0.1538
946.7166666666667 0.1533
952.4333333333333 0.1526
958.5666666666667 0.152
965.25 0.1513
972.6333333333333 0.1503
977.9333333333333 0.1502
985.1666666666666 0.1498
990.3333333333334 0.1497
1002.8666666666667 0.1498
1009.7 0.149
1015.55 0.1487
1021.8333333333334 0.1485
1027.5333333333333 0.1487
1034.3833333333334 0.1492
1040.0833333333333 0.1491
1046.9166666666667 0.1498
1052.7666666666667 0.1489
1058.4833333333333 0.1498
1064.05 0.1494
1071.1666666666667 0.1501
1077.0166666666667 0.1506
1084.5333333333333 0.151
1090.95 0.1508
1096.5166666666667 0.1503
1102.9333333333334 0.1511
1109.6333333333334 0.1521
1117.0166666666667 0.153
1123.15 0.1545
1130.4 0.1543
1135.4 0.1547
1142.9 0.1564
1148.1666666666667 0.1564
1149.3166666666666 0.1561
1155.3 0.1538
1160.45 0.1526
1166.0166666666667 0.1519
1173.4166666666667 0.1511
1179.1333333333334 0.1508
1186.65 0.1497
1193.0666666666666 0.1487
1198.2333333333333 0.1486
1205.75 0.1472
1210.35 0.1465
1210.8166666666666 0.1465
1216.1 0.1482
1223.0666666666666 0.1478
1229.9 0.1469
1241.75 0.1459
1246.7666666666667 0.1455
1254.0166666666667 0.1448
1260.1333333333334 0.1446
1265.5833333333333 0.1439
1277.5666666666666 0.1427
1284.3833333333334 0.1423
1290.8 0.1417
1297.2166666666667 0.1413
1303.6333333333334 0.141
1308.25 0.1414
1314.6666666666667 0.1411
1319.6833333333334 0.1407
1326.65 0.141
1333.3333333333333 0.1413
1339.9 0.1412
1345.6 0.1411
1351.6 0.1415
1357.3166666666666 0.1413
1363.1666666666667 0.141
1374.5833333333333 0.1408
1380.7666666666667 0.1396
1364.0166666666667 0.1393
1371.0 0.1391
1376.8333333333333 0.1389
1384.0833333333333 0.1388
1391.2 0.1387
1398.1666666666667 0.1386
1410.85 0.1385
1416.0 0.1384
1422.7 0.1383
1429.1 0.1381
1435.5166666666667 0.138
1439.3666666666666 0.138
1440.5333333333333 0.1379
1453.0833333333333 0.1378
1464.9333333333334 0.1377
1469.5166666666667 0.1378
1475.2333333333333 0.1377
1499.2333333333333 0.1377
1499.4833333333333 0.1378
1506.05 0.1381
1512.45 0.1383
1517.3333333333333 0.1384
1524.7833333333333 0.1385
1525.4333333333334 0.1385
1530.0 0.1386
1537.5166666666667 0.1387
1544.35 0.1388
1555.65 0.1387
1579.65 0.1387
1589.1 0.1386
1613.1 0.1386
1624.6166666666666 0.1389
1629.3333333333333 0.1388
1653.35 0.1388
1659.8166666666666 0.1389
1666.2333333333333 0.139
1671.4 0.1393
1684.0833333333333 0.1403
1691.5 0.1405
1696.65 0.1411
1698.1333333333334 0.1411
1702.9166666666667 0.1418
1709.1666666666667 0.1418
1709.3333333333333 0.1424
1713.8166666666666 0.1424
1715.75 0.1432
1722.0166666666667 0.1441
1728.2833333333333 0.1446
1733.8666666666666 0.1458
1740.4333333333334 0.1452
1747.2666666666667 0.1456
1754.3666666666666 0.1458
1759.6666666666667 0.1459
1773.1833333333334 0.1466
1778.6166666666666 0.1479
1784.1333333333334 0.1481
1791.3833333333334 0.1499
1797.9333333333334 0.1506
1804.4833333333333 0.1517
1810.2 0.1525
1815.7833333333333 0.1529
1821.35 0.1532
1828.7333333333333 0.1534
1834.9166666666667 0.1536
1840.1833333333334 0.1535
1858.05 0.1536
1863.9 0.1539
1870.1833333333334 0.1543
1877.3 0.1552
1880.5166666666667 0.1552
1882.3166666666666 0.1554
1894.0333333333333 0.1551
1900.3166666666666 0.1546
1907.15 0.1542
1913.2833333333333 0.1537
1919.2833333333333 0.1536
1924.5833333333333 0.1531
1929.1833333333334 0.1533
1934.35 0.1529
1941.8833333333334 0.1521
1948.0166666666667 0.152
1954.9333333333334 0.1522
1961.4666666666667 0.1533
1975.2833333333333 0.154
1981.55 0.1549
1986.4333333333334 0.1546
1992.9833333333333 0.1547
1999.1333333333334 0.156
2004.7 0.1567
2010.2833333333333 0.1568
2016.7 0.1561
2017.15 0.1561
2022.6833333333334 0.1558
2029.25 0.1552
2034.8166666666666 0.1548
2041.1 0.1549
2047.5166666666667 0.1544
-1 -1
0.448
