0.0 0.1579
4.883333333333333 0.1583
11.15 0.1594
16.03333333333333 0.1604
22.85 0.1617
28.85 0.1629
35.4 0.164
42.483333333333334 0.1644
50.016666666666666 0.1639
57.266666666666666 0.163
64.65 0.1625
70.65 0.1619
76.63333333333333 0.1618
83.88333333333334 0.1606
85.25 0.1606
88.9 0.1605
94.18333333333334 0.1604
101.3 0.1598
106.18333333333334 0.1593
112.45 0.1591
115.25 0.1591
118.45 0.1589
124.28333333333333 0.1583
136.55 0.1582
142.68333333333334 0.1584
145.26666666666665 0.1584
149.51666666666665 0.1582
155.36666666666667 0.158
161.76666666666665 0.1583
167.48333333333332 0.1574
174.45 0.1575
179.33333333333334 0.1564
185.81666666666666 0.1555
191.95 0.155
196.53333333333333 0.1552
201.66666666666666 0.155
207.55 0.1543
213.55 0.1546
218.56666666666666 0.1542
223.71666666666667 0.1536
226.21666666666667 0.1536
236.95 0.1534
244.06666666666666 0.1536
251.45 0.153
255.25 0.153
258.1333333333333 0.1525
264.1166666666667 0.152
271.65 0.1521
277.93333333333334 0.1519
282.95 0.152
289.21666666666664 0.1523
296.73333333333335 0.1531
301.75 0.1537
306.35 0.1542
311.65 0.1546
318.75 0.1557
325.43333333333334 0.1552
332.25 0.1554
339.3666666666667 0.1566
344.51666666666665 0.1568
349.6666666666667 0.1576
355.6666666666667 0.1574
360.53333333333336 0.1575
366.4 0.1579
371.3333333333333 0.1575
378.5 0.1571
384.6333333333333 0.1578
391.6 0.1596
396.18333333333334 0.1603
400.93333333333334 0.1601
406.0833333333333 0.1593
412.9 0.1602
418.21666666666664 0.1596
425.45 0.1587
430.2 0.1583
436.18333333333334 0.1593
443.1666666666667 0.1591
450.25 0.1583
456.93333333333334 0.1578
463.48333333333335 0.159
475.6166666666667 0.1589
480.21666666666664 0.1591
484.95 0.1599
496.65 0.1597
503.76666666666665 0.1594
510.3 0.1603
517.2666666666667 0.1599
522.0166666666667 0.16
532.4666666666667 0.1606
537.0666666666667 0.1611
544.45 0.1615
550.7166666666667 0.1618
557.9666666666667 0.1623
562.7833333333333 0.1623
563.55 0.1621
568.8333333333334 0.1616
575.3833333333333 0.1611
580.4 0.1609
586.95 0.1605
591.55 0.1601
597.4 0.1595
602.8333333333334 0.1588
608.95 0.1581
613.55 0.1576
620.25 0.1572
626.9166666666666 0.1562
632.0833333333334 0.1559
637.3833333333333 0.1554
644.7666666666667 0.1548
650.2 0.1539
653.8 0.1539
655.9333333333333 0.1537
662.05 0.1535
668.7333333333333 0.1528
673.6166666666667 0.1524
679.6 0.1526
685.8 0.1526
687.0 0.1523
691.8666666666667 0.1522
699.1166666666667 0.1513
705.1 0.1509
712.35 0.1508
716.8 0.1508
717.5 0.1504
722.6666666666666 0.1506
728.9333333333333 0.1515
735.7666666666667 0.1517
742.1666666666666 0.1521
747.3333333333334 0.1522
754.4333333333333 0.1525
759.6 0.1526
766.7 0.1529
771.7166666666667 0.1528
777.7166666666667 0.1532
779.8166666666667 0.1532
782.45 0.1534
787.8833333333333 0.1533
793.45 0.1537
800.4166666666666 0.1545
807.2333333333333 0.1552
811.8 0.1552
818.1166666666667 0.1556
827.4666666666667 0.1564
834.35 0.1567
839.4833333333333 0.1566
845.6333333333333 0.1562
851.9 0.1568
857.1833333333333 0.1567
864.5833333333334 0.1563
870.7166666666667 0.1565
881.6333333333333 0.1561
886.3833333333333 0.1558
891.95 0.1551
898.6333333333333 0.1545
904.9166666666666 0.1546
911.8833333333333 0.1545
917.6 0.1541
922.4833333333333 0.1539
927.7666666666667 0.1538
932.7833333333333 0.154
940.05 0.1539
954.6666666666666 0.154
961.35 0.1538
967.7666666666667 0.154
973.4833333333333 0.1539
979.4666666666667 0.1543
986.5833333333334 0.1535
992.85 0.153
997.8666666666667 0.1529
1009.3 0.1521
1016.5333333333333 0.1511
1021.55 0.1506
1034.1 0.1501
1038.7 0.15
1044.9666666666667 0.1496
1052.0833333333333 0.1501
1059.3333333333333 0.1493
1065.7333333333333 0.1489
1072.85 0.1497
1078.1333333333334 0.1502
1084.0 0.15
1091.3833333333334 0.1499
1097.9333333333334 0.1497
1103.65 0.1495
1110.05 0.1496
1115.6333333333334 0.1499
1122.1833333333334 0.1503
1134.5833333333333 0.1497
1146.8 0.1503
1150.2666666666667 0.1503
1157.8166666666666 0.1492
1163.5333333333333 0.149
1170.6333333333334 0.1496
1176.6333333333334 0.1488
1181.7833333333333 0.1484
1188.2 0.1485
1194.3333333333333 0.1482
1199.0833333333333 0.1481
1206.6 0.147
1211.3333333333333 0.1469
1212.9166666666667 0.1469
1218.6166666666666 0.1471
1223.5 0.1465
1230.4833333333333 0.1458
1235.2 0.1457
1241.2 0.1454
1247.2 0.1447
1253.2 0.144
1258.0666666666666 0.1437
1263.7666666666667 0.1435
1269.9 0.1437
1275.6333333333334 0.1426
1281.9 0.1424
1287.05 0.1423
1292.0666666666666 0.1421
1297.65 0.142
1303.35 0.1418
1309.5166666666667 0.1427
1322.9 0.1426
1327.6333333333334 0.1429
1333.4833333333333 0.1433
1339.0666666666666 0.1435
1344.5 0.1436
1362.75 0.1435
1369.45 0.1431
1375.15 0.1429
1380.05 0.1426
1363.3333333333333 0.1415
1369.8833333333334 0.1411
1377.1333333333334 0.1408
1382.0 0.1403
1386.6 0.1399
1393.9833333333333 0.1395
1401.1 0.1394
1408.0666666666666 0.1391
1413.2166666666667 0.139
1419.0833333333333 0.1389
1429.1166666666666 0.1387
1441.4666666666667 0.1387
1441.8 0.1386
1448.6166666666666 0.1385
1453.65 0.1384
1470.65 0.1383
1483.6 0.1384
1489.4666666666667 0.1383
1506.6 0.1384
1513.5833333333333 0.1383
1520.9666666666667 0.1384
1527.5333333333333 0.1384
1533.35 0.1385
1543.95 0.1386
1556.9 0.1387
1562.2 0.1386
1586.2166666666667 0.1386
1587.85 0.1385
1597.75 0.1384
1610.3 0.1383
1615.3 0.1384
1621.4166666666667 0.1383
1628.2333333333333 0.1384
1634.2333333333333 0.1383
1648.1333333333334 0.1382
1655.5166666666667 0.1383
1666.8 0.1384
1673.9166666666667 0.1385
1679.2 0.1386
1684.65 0.1388
1689.9833333333333 0.1389
1696.9333333333334 0.1396
1700.2333333333333 0.1396
1702.8 0.1406
1710.05 0.1416
1711.2666666666667 0.1416
1715.9166666666667 0.1416
1716.3 0.1431
1723.5666666666666 0.1432
1729.9833333333333 0.1442
1736.3833333333334 0.1452
1741.4166666666667 0.1453
1747.6833333333334 0.145
1754.1 0.1452
1760.7833333333333 0.1456
1766.2166666666667 0.1455
1772.6333333333334 0.1458
1779.1833333333334 0.146
1784.0666666666666 0.1464
1790.55 0.1467
1797.1 0.1469
1802.2666666666667 0.1479
1808.8166666666666 0.1489
1813.55 0.1492
1819.0 0.1493
1825.4 0.1496
1831.4 0.1504
1838.2333333333333 0.1509
1849.5333333333333 0.1512
1856.2333333333333 0.1519
1863.35 0.1525
1868.2333333333333 0.1526
1874.3666666666666 0.153
1881.35 0.1536
1882.6166666666666 0.1536
1894.45 0.1534
1899.0666666666666 0.1531
1906.6 0.1532
1911.4833333333333 0.1531
1918.8666666666666 0.1527
1925.4166666666667 0.1522
1930.0333333333333 0.1521
1937.2666666666667 0.1518
1943.55 0.1517
1948.5833333333333 0.1519
1953.45 0.1522
1960.9166666666667 0.1543
1966.9166666666667 0.1539
1973.1833333333334 0.1549
1979.6166666666666 0.1556
1985.75 0.1565
1992.5833333333333 0.1562
1998.0166666666667 0.1566
2003.0333333333333 0.1565
2010.0166666666667 0.1562
2016.9833333333333 0.1559
2019.25 0.1559
2023.2666666666667 0.1561
2028.4166666666667 0.1558
2033.3166666666666 0.1552
2038.6 0.1548
2044.05 0.1551
2049.2 0.1549
2054.233333333333 0.1546
-1 -1
0.448
