0.0 0.3048
6.283333333333332 0.3055
18.116666666666667 0.3051
22.716666666666665 0.3066
28.433333333333334 0.3062
34.96666666666667 0.3057
41.516666666666666 0.3055
48.36666666666667 0.3072
55.03333333333333 0.3063
60.483333333333334 0.3063
62.0 0.3061
67.73333333333333 0.3051
74.41666666666667 0.3043
90.48333333333333 0.3043
92.1 0.304
98.65 0.3034
104.23333333333333 0.3029
116.08333333333333 0.3024
123.46666666666667 0.3015
130.56666666666666 0.3025
138.08333333333334 0.3029
145.48333333333332 0.302
150.91666666666666 0.3032
157.18333333333334 0.3026
162.05 0.3014
167.48333333333332 0.2996
172.36666666666667 0.3003
177.11666666666667 0.3006
180.48333333333332 0.3006
183.58333333333334 0.3018
193.76666666666668 0.3004
200.73333333333335 0.3039
202.95 0.3039
206.93333333333334 0.3039
208.0 0.3015
214.38333333333333 0.3008
219.11666666666667 0.3021
226.65 0.3052
232.35 0.3043
238.91666666666666 0.3034
243.78333333333333 0.3042
248.53333333333333 0.3054
255.91666666666666 0.3037
261.75 0.3018
267.21666666666664 0.3013
274.5833333333333 0.302
281.68333333333334 0.3012
288.93333333333334 0.3006
294.78333333333336 0.3021
307.48333333333335 0.301
313.45 0.3003
318.75 0.302
324.05 0.3019
331.28333333333336 0.3037
336.3 0.3044
341.05 0.3063
346.75 0.3062
352.05 0.3055
358.31666666666666 0.3038
365.4166666666667 0.3037
371.0 0.3041
377.8 0.3054
384.35 0.3079
391.45 0.3095
393.0333333333333 0.3095
398.15 0.3112
402.8833333333333 0.3119
407.9 0.312
414.5833333333333 0.3117
421.1333333333333 0.3105
426.15 0.3099
432.5833333333333 0.3089
438.7 0.3104
445.5333333333333 0.3087
450.68333333333334 0.3081
456.6666666666667 0.3072
461.68333333333334 0.3088
467.5333333333333 0.3089
474.6333333333333 0.3083
479.3833333333333 0.3087
484.1166666666667 0.3108
490.3833333333333 0.3114
495.26666666666665 0.311
501.96666666666664 0.3122
509.2 0.3125
516.0166666666667 0.3137
517.0166666666667 0.3137
522.5666666666667 0.3144
528.1333333333333 0.3135
533.15 0.3149
539.3 0.3161
545.0166666666667 0.3159
550.7166666666667 0.3163
557.8333333333334 0.316
565.2166666666667 0.3158
579.4166666666666 0.3163
586.95 0.3155
593.9166666666666 0.3152
598.5166666666667 0.3161
604.5 0.3168
610.6333333333333 0.3163
616.4833333333333 0.3164
622.6166666666667 0.3165
627.7666666666667 0.3166
634.1833333333333 0.3159
639.2 0.3163
644.35 0.3156
650.4833333333333 0.3141
657.1833333333333 0.3134
662.6 0.3132
667.35 0.3123
669.05 0.3123
673.4833333333333 0.3109
678.35 0.3101
685.4666666666667 0.3096
691.05 0.3085
698.5666666666667 0.3071
705.3833333333333 0.3076
712.6333333333333 0.3065
720.0166666666667 0.305
724.6166666666667 0.3047
729.4833333333333 0.3055
736.3333333333334 0.3054
743.15 0.3046
750.1166666666667 0.3039
757.0833333333334 0.3036
762.95 0.3027
764.0333333333333 0.3027
769.6166666666667 0.3009
775.75 0.3002
781.2 0.3004
786.0666666666667 0.2997
793.1833333333333 0.299
798.75 0.2987
805.5833333333334 0.2984
811.2833333333333 0.2983
816.3 0.2979
823.55 0.2983
828.45 0.2988
834.2 0.2999
839.3666666666667 0.3
845.7666666666667 0.3016
847.5 0.3016
853.0166666666667 0.3002
859.9833333333333 0.2999
864.8666666666667 0.3002
871.2666666666667 0.3005
877.2333333333333 0.3007
883.3166666666667 0.2985
889.3 0.3
896.0 0.3012
902.4 0.3002
909.1 0.3006
915.3833333333333 0.2999
921.0833333333334 0.2988
927.0666666666667 0.2981
934.3333333333334 0.2962
937.9833333333333 0.2962
940.5833333333334 0.2955
945.75 0.2947
953.15 0.2931
958.2833333333333 0.2912
963.1666666666666 0.2916
968.1833333333333 0.2934
970.9666666666667 0.2934
973.4833333333333 0.2945
978.2166666666667 0.2937
984.4833333333333 0.2944
991.7333333333333 0.2962
999.2666666666667 0.2958
1006.3666666666667 0.2944
1011.6666666666666 0.2937
1017.9333333333333 0.2938
1025.1833333333334 0.2939
1030.0666666666666 0.2955
1035.6333333333334 0.2961
1041.0833333333333 0.2973
1047.0666666666666 0.2991
1054.3166666666666 0.2983
1060.1666666666667 0.2995
1071.3166666666666 0.3004
1077.7166666666667 0.2991
1082.9 0.2992
1095.5666666666666 0.299
1100.8666666666666 0.2975
1108.25 0.2979
1113.5333333333333 0.2966
1119.25 0.2975
1124.2666666666667 0.2973
1130.1166666666666 0.2971
1136.1166666666666 0.2943
1140.85 0.2957
1147.0833333333333 0.2956
1153.5 0.2947
1158.1166666666666 0.2928
1163.95 0.293
1169.1 0.2932
1176.3666666666666 0.2929
1181.8 0.2925
1188.4833333333333 0.2935
1193.6333333333334 0.2943
1200.05 0.294
1204.7833333333333 0.2924
1212.3 0.2926
1214.9666666666667 0.2926
1218.2166666666667 0.291
1225.6 0.2929
1231.5833333333333 0.2923
1237.45 0.294
1243.3 0.2918
1249.4333333333334 0.2909
1255.8333333333333 0.2908
1261.9666666666667 0.2913
1268.5166666666667 0.2925
1273.8333333333333 0.2918
1279.6666666666667 0.2912
1284.55 0.291
1291.1 0.2918
1298.2 0.2912
1303.3666666666666 0.289
1307.5 0.289
1308.1 0.2884
1313.2833333333333 0.2903
1318.4333333333334 0.2896
1324.2833333333333 0.2893
1331.1166666666666 0.2895
1337.5166666666667 0.2898
1343.8 0.2895
1348.8166666666666 0.2904
1354.6666666666667 0.2908
1359.4 0.2898
1364.4333333333334 0.2887
1369.7166666666667 0.2874
1375.0333333333333 0.2873
1382.4166666666667 0.2894
1364.45 0.2876
1371.9833333333333 0.2863
1379.2166666666667 0.2862
1384.3833333333334 0.2852
1391.2 0.2851
1396.65 0.285
1403.6166666666666 0.2841
1408.5 0.284
1414.0666666666666 0.2828
1419.7833333333333 0.283
1421.7 0.283
1425.7666666666667 0.2822
1432.3166666666666 0.283
1438.05 0.2817
1443.4666666666667 0.2813
1450.5833333333333 0.2822
1455.6 0.2825
1460.3333333333333 0.2821
1467.0166666666667 0.2807
1472.0333333333333 0.2818
1478.0333333333333 0.2806
1485.4166666666667 0.2803
1491.85 0.2789
1497.6833333333334 0.2795
1502.5666666666666 0.2789
1507.4666666666667 0.2788
1513.1666666666667 0.2781
1519.9833333333333 0.2788
1527.5666666666666 0.278
1532.8 0.2785
1539.6333333333334 0.2788
1545.6166666666666 0.28
1552.3166666666666 0.2812
1559.4333333333334 0.2809
1565.55 0.281
1571.8333333333333 0.2817
1578.8 0.2823
1585.6166666666666 0.283
1590.3666666666666 0.2841
1597.3333333333333 0.2833
1604.4333333333334 0.2831
1611.2666666666667 0.2836
1617.9666666666667 0.2839
1625.3166666666666 0.2841
1632.1333333333334 0.2864
1638.2666666666667 0.2885
1644.0666666666666 0.2885
1644.9666666666667 0.2888
1651.9 0.2903
1657.3333333333333 0.2905
1662.6333333333334 0.2904
1670.15 0.2915
1676.7 0.2938
1683.1166666666666 0.2954
1688.2666666666667 0.297
1695.2666666666667 0.2955
1700.1333333333334 0.2942
1705.7166666666667 0.2964
1710.6 0.2994
1715.9 0.2982
1718.15 0.2982
1722.3166666666666 0.2979
1727.6 0.2985
1737.3666666666666 0.2999
1742.3833333333334 0.2995
1748.9333333333334 0.2999
1755.9166666666667 0.2981
1761.6166666666666 0.2999
1768.3166666666666 0.2981
1773.3333333333333 0.2993
1779.4666666666667 0.2977
1785.3166666666666 0.2984
1790.5666666666666 0.3023
1798.0833333333333 0.3017
1803.1 0.3018
1807.9833333333333 0.3039
1812.8666666666666 0.3048
1819.4166666666667 0.3053
1824.3 0.3054
1831.5333333333333 0.308
1837.1666666666667 0.3071
1842.5666666666666 0.3091
1848.4166666666667 0.3099
1855.6666666666667 0.3117
1862.2333333333333 0.3123
1869.2 0.3121
1874.5166666666667 0.3125
1881.9 0.3121
1892.5166666666667 0.3127
1898.6333333333334 0.312
1904.2166666666667 0.3115
1911.4833333333333 0.3103
1918.7166666666667 0.3095
1926.1333333333334 0.3075
1932.6833333333334 0.307
1945.2333333333333 0.3056
1950.2666666666667 0.3053
1957.7333333333333 0.3056
1963.5666666666666 0.307
1970.9666666666667 0.3058
1977.95 0.3035
1996.35 0.3029
2002.75 0.303
2009.1833333333334 0.3031
2014.4666666666667 0.3029
2018.5166666666667 0.3029
2019.6333333333334 0.3014
2025.2166666666667 0.3011
2031.7666666666667 0.2996
2038.1833333333334 0.298
2044.3166666666666 0.2961
2051.7166666666667 0.2964
2055.516666666667 0.2964
-1 -1
0.896
