0.0 0.2704
24.016666666666666 0.2704
45.266666666666666 0.2704
69.28333333333333 0.2704
75.26666666666667 0.2704
99.28333333333333 0.2704
123.28333333333333 0.2704
147.3 0.2704
165.26666666666665 0.2704
187.73333333333335 0.2704
191.71666666666667 0.2704
215.71666666666667 0.2704
239.71666666666667 0.2704
263.73333333333335 0.2704
287.73333333333335 0.2704
311.73333333333335 0.2704
335.73333333333335 0.2704
359.75 0.2704
383.75 0.2704
407.76666666666665 0.2704
431.76666666666665 0.2704
455.76666666666665 0.2704
479.76666666666665 0.2704
501.8 0.2704
525.8 0.2704
532.45 0.2705
538.7 0.2711
543.45 0.2717
550.9666666666667 0.2727
558.3666666666667 0.274
565.1833333333333 0.2745
571.8833333333333 0.2755
579.25 0.2765
586.5 0.2774
593.1833333333333 0.2808
599.6 0.2839
604.9 0.2857
611.3 0.2868
618.0 0.2894
623.9833333333333 0.2918
629.7 0.2957
637.0833333333334 0.2969
643.4833333333333 0.2993
650.0333333333333 0.3043
653.8333333333334 0.3043
657.0 0.3068
661.8833333333333 0.3076
667.3166666666667 0.3088
673.7333333333333 0.3123
679.15 0.3142
686.55 0.3158
691.5666666666667 0.317
696.3 0.3179
701.4666666666667 0.319
707.0333333333333 0.3195
713.1666666666666 0.3189
717.7666666666667 0.3187
722.7833333333333 0.3185
728.9 0.3184
735.3333333333334 0.3176
741.7333333333333 0.3172
747.0166666666667 0.317
748.8166666666667 0.317
753.15 0.3162
760.2666666666667 0.315
766.8166666666667 0.3148
774.3333333333334 0.3154
779.7666666666667 0.3155
784.5166666666667 0.316
790.6333333333333 0.3167
798.0333333333333 0.316
805.1333333333333 0.3161
811.8166666666667 0.3166
816.7666666666667 0.3155
823.5833333333334 0.3151
829.0166666666667 0.3152
832.2833333333333 0.3152
833.9 0.3153
839.05 0.3145
843.9333333333333 0.3136
851.0333333333333 0.3133
858.0166666666667 0.3127
865.4833333333333 0.3123
870.4666666666667 0.3127
875.35 0.3128
882.45 0.3127
892.5 0.3135
898.6166666666667 0.3133
905.7333333333333 0.3135
912.2833333333333 0.3134
918.8333333333334 0.3137
922.7666666666667 0.3137
923.7 0.313
930.25 0.3125
935.55 0.3127
940.2833333333333 0.3125
946.2833333333333 0.3127
952.8333333333334 0.3131
955.75 0.3131
959.6666666666666 0.3143
964.4 0.3157
971.0833333333334 0.3167
977.6333333333333 0.317
982.7833333333333 0.3175
987.3833333333333 0.3188
993.5166666666667 0.3191
1000.3666666666667 0.3192
1007.05 0.3207
1013.5833333333334 0.3219
1018.4666666666667 0.3231
1023.35 0.325
1030.1666666666667 0.3269
1037.15 0.3293
1042.3 0.33
1047.1833333333334 0.3316
1051.7833333333333 0.3323
1057.0666666666666 0.334
1062.1 0.3352
1066.6833333333334 0.3356
1073.6666666666667 0.3361
1081.05 0.3363
1086.0666666666666 0.336
1093.0333333333333 0.3367
1107.25 0.3378
1112.1166666666666 0.339
1119.2333333333333 0.3395
1125.6333333333334 0.3412
1131.45 0.3415
1138.4166666666667 0.3414
1145.3833333333334 0.3389
1150.9666666666667 0.3393
1156.8333333333333 0.337
1161.8333333333333 0.3363
1168.9333333333334 0.3377
1173.9666666666667 0.3398
1179.2666666666667 0.3386
1185.9333333333334 0.3383
1191.65 0.3379
1197.5166666666667 0.3386
1199.75 0.3386
1205.0833333333333 0.3401
1209.6833333333334 0.3403
1216.5166666666667 0.3391
1221.5333333333333 0.3387
1226.8166666666666 0.3372
1231.7 0.3367
1237.4166666666667 0.3361
1242.15 0.3377
1247.8666666666666 0.3388
1254.4333333333334 0.3383
1260.2666666666667 0.3374
1265.85 0.3384
1272.95 0.3388
1277.9666666666667 0.3383
1282.5666666666666 0.338
1287.7333333333333 0.3386
1292.2833333333333 0.3386
1293.8666666666666 0.3377
1299.0333333333333 0.3365
1305.8666666666666 0.3372
1312.7 0.3389
1318.5666666666666 0.3392
1326.0666666666666 0.3378
1332.4833333333333 0.3377
1337.0833333333333 0.3375
1343.35 0.3357
1349.2166666666667 0.3347
1353.95 0.3337
1359.1166666666666 0.3327
1364.1333333333334 0.3322
1369.6166666666666 0.3319
1353.1333333333334 0.3318
1360.25 0.3331
1367.6333333333334 0.3338
1374.6 0.3341
1380.8666666666666 0.334
1386.3166666666666 0.3337
1393.2833333333333 0.3338
1400.3833333333334 0.334
1405.8166666666666 0.3345
1406.4833333333333 0.3345
1411.95 0.334
1417.6666666666667 0.3334
1424.35 0.3332
1431.6 0.3331
1438.0166666666667 0.3325
1444.15 0.3324
1449.15 0.3325
1454.8833333333334 0.3324
1459.6166666666666 0.3323
1465.6 0.333
1472.7166666666667 0.3336
1479.2666666666667 0.3339
1484.9833333333333 0.3337
1490.0 0.3339
1495.1666666666667 0.3337
1506.8833333333334 0.3339
1511.5166666666667 0.3346
1516.3333333333333 0.3347
1523.4333333333334 0.3353
1529.0166666666667 0.3344
1533.6166666666666 0.3351
1540.3166666666666 0.3369
1544.9 0.3375
1551.05 0.3382
1557.0333333333333 0.3378
1563.5833333333333 0.3382
1569.15 0.3387
1576.1333333333334 0.3386
1583.2333333333333 0.3393
1588.25 0.3398
1594.9333333333334 0.3403
1602.3166666666666 0.3409
1615.5333333333333 0.3408
1620.4 0.341
1626.5333333333333 0.3412
1628.85 0.3412
1631.6666666666667 0.3419
1638.6333333333334 0.3438
1644.7666666666667 0.3451
1651.6 0.3431
1657.45 0.3417
1659.2166666666667 0.3417
1664.2833333333333 0.3394
1671.25 0.3366
1676.6 0.336
1681.3166666666666 0.3328
1686.3333333333333 0.3309
1691.4833333333333 0.3299
1696.7666666666667 0.3297
1702.9333333333334 0.3281
1707.9333333333334 0.3261
1712.5333333333333 0.3256
1718.25 0.3266
1723.6833333333334 0.3255
1730.3666666666666 0.325
1737.9166666666667 0.3237
1743.6166666666666 0.3225
1751.15 0.3216
1758.25 0.3207
1765.3833333333334 0.3195
1770.25 0.3192
1776.8666666666666 0.3189
1782.45 0.3195
1789.8333333333333 0.3196
1796.8166666666666 0.3214
1802.6666666666667 0.3204
1808.65 0.321
1813.5333333333333 0.3205
1818.1333333333334 0.3209
1824.6 0.3201
1831.6833333333334 0.3184
1837.8166666666666 0.3176
1845.2 0.3165
1850.2166666666667 0.3157
1857.6166666666666 0.3163
1863.05 0.3172
1869.05 0.3182
1876.1833333333334 0.3186
1883.5666666666666 0.3189
1890.95 0.3199
1898.35 0.3209
1905.1833333333334 0.3214
1910.2 0.321
1914.95 0.3208
1920.1 0.3202
1926.25 0.3193
1931.8166666666666 0.3191
1938.2333333333333 0.3195
1945.4166666666667 0.3211
1952.5333333333333 0.3222
1957.1333333333334 0.3217
1962.5833333333333 0.3208
1967.9 0.3226
1974.1666666666667 0.3246
1981.1333333333334 0.324
1987.4166666666667 0.3253
1992.5666666666666 0.3266
1999.8333333333333 0.3277
2003.3 0.3277
2005.6833333333334 0.3282
2010.8333333333333 0.3287
2015.4333333333334 0.3288
2022.0 0.3289
2028.4166666666667 0.3283
2033.7166666666667 0.3279
2040.3 0.3279
-1 -1
0.896
