0.0 0.3114
5.9833333333333325 0.3112
12.383333333333331 0.3113
19.35 0.3131
24.516666666666666 0.3133
30.65 0.3132
35.93333333333333 0.3133
43.31666666666666 0.3145
48.33333333333333 0.3146
55.18333333333333 0.3142
57.81666666666666 0.3142
60.05 0.3141
66.31666666666666 0.3131
71.18333333333334 0.3122
83.73333333333333 0.3109
87.81666666666666 0.3109
91.1 0.3106
95.98333333333333 0.3105
103.36666666666666 0.3096
109.51666666666667 0.309
115.21666666666667 0.3087
120.36666666666666 0.3075
127.2 0.3072
133.33333333333334 0.3074
138.9 0.3088
144.48333333333332 0.3089
149.08333333333334 0.3097
156.18333333333334 0.3086
163.28333333333333 0.3076
170.81666666666666 0.3074
176.55 0.3086
177.81666666666666 0.3086
181.61666666666667 0.3073
189.13333333333333 0.3067
195.81666666666666 0.3091
200.28333333333333 0.3091
202.91666666666666 0.3097
204.26666666666668 0.3097
209.48333333333332 0.3078
216.6 0.3092
222.03333333333333 0.3118
227.05 0.3143
234.01666666666665 0.3154
239.71666666666667 0.3182
246.41666666666666 0.3225
251.43333333333334 0.3238
258.68333333333334 0.3239
265.3666666666667 0.3257
270.8 0.3277
276.23333333333335 0.329
282.23333333333335 0.3298
287.51666666666665 0.3313
295.03333333333336 0.3312
300.2 0.3307
307.1666666666667 0.3286
312.05 0.3292
317.6166666666667 0.3293
324.5833333333333 0.3284
329.75 0.3285
334.3333333333333 0.3295
339.0833333333333 0.3297
344.78333333333336 0.3294
351.3333333333333 0.3291
356.35 0.3279
362.6166666666667 0.3283
369.5 0.3284
375.8333333333333 0.3281
383.0833333333333 0.3309
388.1 0.3332
390.3666666666667 0.3332
394.78333333333336 0.3337
400.5 0.3339
407.46666666666664 0.3327
412.3333333333333 0.3318
419.5833333333333 0.3305
426.96666666666664 0.3284
431.7 0.3281
437.28333333333336 0.3282
443.1333333333333 0.3269
449.81666666666666 0.3255
457.21666666666664 0.3259
462.5 0.3264
468.9166666666667 0.3265
473.8 0.3268
478.93333333333334 0.3267
485.9 0.3286
491.3333333333333 0.3293
498.03333333333336 0.3309
505.55 0.331
512.8 0.3309
514.35 0.3309
519.6333333333333 0.3323
524.7833333333333 0.3313
531.2 0.3328
536.0666666666667 0.3329
542.6166666666667 0.3327
548.8833333333333 0.3304
554.8833333333333 0.3308
559.75 0.33
566.1666666666666 0.3273
573.55 0.3253
580.3833333333333 0.3254
586.5166666666667 0.3238
592.2333333333333 0.3231
599.3333333333334 0.3214
605.6 0.321
612.2833333333333 0.32
618.0 0.3196
624.1333333333333 0.3181
630.1166666666667 0.3185
637.5 0.3157
642.5166666666667 0.3154
649.2166666666667 0.3146
656.1833333333333 0.3178
662.5833333333334 0.3163
666.3833333333333 0.3163
669.2833333333333 0.3164
681.2666666666667 0.3161
687.25 0.3157
692.9666666666667 0.3149
700.35 0.3141
705.5166666666667 0.3158
710.1 0.3164
716.9333333333333 0.3157
723.6166666666667 0.3155
729.2 0.3176
736.3 0.3179
742.0166666666667 0.3195
749.4 0.3203
756.0833333333334 0.3209
761.3666666666667 0.3209
762.7833333333333 0.3211
769.05 0.3231
775.6 0.3229
782.4333333333333 0.3249
788.2833333333333 0.3248
794.0 0.3264
798.7333333333333 0.3265
803.6 0.327
810.85 0.3275
815.8666666666667 0.3286
821.3166666666667 0.3293
827.8666666666667 0.3298
834.45 0.3297
841.5666666666667 0.3319
844.8333333333334 0.3319
847.2833333333333 0.3318
854.5333333333333 0.3329
861.5 0.3325
867.6333333333333 0.3337
872.65 0.3328
879.6833333333333 0.3318
884.9666666666667 0.3325
892.0833333333334 0.3333
898.2 0.3327
903.2333333333333 0.3318
909.5 0.3315
914.3666666666667 0.3311
919.3833333333333 0.3304
925.25 0.3303
932.7666666666667 0.3292
935.3166666666667 0.3292
938.6333333333333 0.3291
945.45 0.3286
951.3 0.3275
957.7166666666667 0.3259
964.5333333333333 0.3268
968.3 0.3268
971.7833333333333 0.3279
978.4833333333333 0.3295
984.4666666666667 0.33
990.3166666666667 0.3312
996.1833333333333 0.3321
1001.6166666666667 0.3318
1008.1666666666666 0.33
1015.2666666666667 0.3288
1021.2666666666667 0.3292
1027.25 0.3299
1031.85 0.3308
1038.4166666666667 0.3316
1044.55 0.332
1050.2666666666667 0.3319
1055.2833333333333 0.3309
1061.5333333333333 0.3324
1068.9333333333334 0.3335
1075.35 0.332
1080.7666666666667 0.3312
1085.7833333333333 0.3301
1093.05 0.3299
1099.0333333333333 0.3284
1105.85 0.3275
1111.85 0.3268
1116.45 0.3262
1123.0 0.3254
1128.5833333333333 0.3241
1135.1166666666666 0.3234
1141.2 0.3226
1148.6 0.3212
1153.7666666666667 0.3192
1159.6166666666666 0.3183
1166.4333333333334 0.3175
1171.7333333333333 0.3168
1178.2833333333333 0.3156
1184.2833333333333 0.3154
1189.3 0.316
1195.7 0.3153
1201.1333333333334 0.3145
1207.8333333333333 0.3142
1212.3 0.3142
1213.8666666666666 0.3137
1219.3166666666666 0.3143
1226.7 0.3136
1231.85 0.3123
1237.15 0.3116
1241.8833333333334 0.3113
1247.4666666666667 0.3111
1252.1833333333334 0.3103
1263.75 0.3099
1268.5 0.3119
1273.6666666666667 0.3114
1278.4 0.309
1283.55 0.3085
1289.5333333333333 0.3098
1294.15 0.3072
1301.6666666666667 0.3066
1304.8333333333333 0.3066
1306.4166666666667 0.3088
1312.7166666666667 0.3079
1319.4 0.3074
1325.25 0.3077
1330.1166666666666 0.308
1335.8333333333333 0.3073
1340.4333333333334 0.3065
1346.4333333333334 0.3078
1351.0333333333333 0.3065
1355.7666666666667 0.3052
1363.3 0.3042
1369.4166666666667 0.3037
1375.8333333333333 0.3038
1382.7166666666667 0.3023
1364.15 0.3012
1369.1666666666667 0.3
1382.4166666666667 0.2994
1387.5666666666666 0.2996
1394.6833333333334 0.3005
1400.6666666666667 0.2994
1405.4 0.299
1411.1166666666666 0.2987
1416.9666666666667 0.2991
1419.0333333333333 0.2991
1421.9833333333333 0.2993
1427.4166666666667 0.2981
1433.2833333333333 0.2972
1438.7166666666667 0.2963
1444.7 0.2966
1449.45 0.2963
1454.1833333333334 0.2959
1459.75 0.2953
1466.1666666666667 0.2948
1472.5833333333333 0.2937
1478.0166666666667 0.2934
1483.05 0.2937
1488.1833333333334 0.2927
1495.0166666666667 0.2923
1501.9833333333333 0.2914
1507.7166666666667 0.2913
1515.0833333333333 0.2905
1520.8166666666666 0.2904
1526.45 0.2901
1532.5 0.2905
1537.2333333333333 0.2903
1542.6666666666667 0.2915
1549.9166666666667 0.2921
1557.0333333333333 0.2919
1564.1333333333334 0.2933
1570.5666666666666 0.2925
1575.7166666666667 0.2921
1581.2833333333333 0.2914
1587.8333333333333 0.2918
1593.2666666666667 0.2916
1599.5333333333333 0.2908
1605.6833333333334 0.2906
1612.5 0.2916
1617.6333333333334 0.2915
1624.6 0.2918
1630.7333333333333 0.2924
1637.8333333333333 0.2933
1641.4 0.2933
1653.0 0.2937
1660.1 0.2945
1666.5 0.294
1673.9166666666667 0.2951
1680.1833333333334 0.2953
1687.6 0.2944
1693.4333333333334 0.2955
1698.5833333333333 0.2965
1704.1666666666667 0.2974
1709.75 0.2999
1715.4833333333333 0.2999
1715.8833333333334 0.2995
1722.5666666666666 0.3002
1727.75 0.3007
1733.45 0.3009
1739.0333333333333 0.3
1743.9 0.2995
1749.4833333333333 0.2989
1754.5 0.2985
1759.6666666666667 0.2984
1764.55 0.299
1771.5166666666667 0.2988
1778.4666666666667 0.3005
1783.7666666666667 0.3012
1790.95 0.3021
1797.65 0.3031
1804.2 0.3048
1809.5 0.3058
1815.9 0.307
1821.6333333333334 0.3078
1827.4833333333333 0.3091
1835.05 0.3094
1840.45 0.311
1845.4666666666667 0.3114
1852.45 0.3105
1858.7333333333333 0.3108
1865.5666666666666 0.3111
1872.6833333333334 0.3117
1878.55 0.3108
1891.3666666666666 0.3114
1897.2333333333333 0.3113
1904.6166666666666 0.3115
1911.6 0.3111
1918.7 0.311
1924.9833333333333 0.3115
1931.9666666666667 0.3114
1937.6833333333334 0.3112
1943.8166666666666 0.3111
1956.4666666666667 0.3109
1961.4666666666667 0.3128
1966.35 0.3123
1971.9166666666667 0.3116
1979.3166666666666 0.3114
1986.5666666666666 0.312
1992.1333333333334 0.3119
1998.8333333333333 0.3116
2004.4333333333334 0.312
2011.25 0.3112
2015.85 0.3112
2017.25 0.3101
2024.5 0.3095
2029.5166666666667 0.3083
2036.6333333333334 0.3069
2044.0333333333333 0.3059
2050.5833333333335 0.3048
2052.85 0.3048
-1 -1
0.896
