0.0 0.3136
5.166666666666667 0.3144
11.433333333333334 0.3134
16.866666666666667 0.314
23.566666666666666 0.3152
30.1 0.3176
36.93333333333334 0.3175
49.333333333333336 0.3184
55.733333333333334 0.3175
60.06666666666666 0.3175
61.71666666666667 0.3189
69.11666666666667 0.3181
76.5 0.3168
83.18333333333334 0.316
88.61666666666667 0.3156
90.06666666666666 0.3156
94.48333333333333 0.3155
101.43333333333334 0.3147
108.83333333333334 0.3142
114.55 0.3129
122.06666666666666 0.3135
126.66666666666667 0.3134
131.4 0.3129
138.65 0.3139
150.63333333333333 0.3156
157.03333333333333 0.3172
162.9 0.3175
168.05 0.3169
174.46666666666667 0.317
179.06666666666666 0.3187
180.06666666666666 0.3187
183.86666666666667 0.3188
190.28333333333333 0.3193
197.1 0.3211
202.53333333333333 0.3211
203.1 0.3229
206.51666666666668 0.3229
210.21666666666667 0.3198
216.2 0.3195
221.5 0.3207
228.31666666666666 0.3228
234.45 0.3242
241.0 0.3257
246.71666666666667 0.3285
252.15 0.33
257.01666666666665 0.3287
261.76666666666665 0.3282
268.6 0.3291
273.3333333333333 0.33
279.73333333333335 0.3294
285.45 0.3286
290.05 0.33
294.93333333333334 0.3302
301.2 0.3334
306.2 0.3338
311.9166666666667 0.3349
317.3666666666667 0.3347
323.9166666666667 0.3351
329.2 0.3355
335.75 0.3384
341.18333333333334 0.3376
348.28333333333336 0.3397
353.71666666666664 0.3409
361.1 0.34
366.4 0.3394
373.43333333333334 0.341
379.48333333333335 0.3421
386.73333333333335 0.3442
391.8833333333333 0.3438
392.6166666666667 0.3438
398.01666666666665 0.3441
404.56666666666666 0.344
411.1166666666667 0.3404
417.93333333333334 0.3407
425.03333333333336 0.339
430.05 0.3372
437.45 0.3379
444.4166666666667 0.3372
449.98333333333335 0.3366
456.53333333333336 0.3349
463.9166666666667 0.335
471.01666666666665 0.3344
477.15 0.3342
482.1666666666667 0.336
488.43333333333334 0.3363
498.75 0.3375
504.05 0.3394
510.03333333333336 0.3399
516.45 0.3408
516.6 0.3408
523.2666666666667 0.3415
529.8166666666667 0.3413
536.1 0.3404
540.8333333333334 0.3406
546.9666666666667 0.3399
552.8166666666667 0.3406
560.05 0.3409
573.8666666666667 0.3397
579.0 0.3406
586.5333333333333 0.3402
592.1 0.3392
598.65 0.3394
604.9166666666666 0.3392
610.1 0.3389
615.9333333333333 0.3382
623.45 0.3365
629.45 0.3376
636.55 0.3385
644.0666666666667 0.3397
650.5 0.3379
657.45 0.3373
664.9833333333333 0.3368
668.6333333333333 0.3368
670.9666666666667 0.3359
676.6833333333333 0.3369
683.2333333333333 0.338
688.1 0.3378
693.95 0.336
704.4166666666666 0.3376
709.15 0.3381
715.9833333333333 0.3383
721.0 0.339
726.5666666666667 0.3393
732.2833333333333 0.3416
737.8666666666667 0.3412
745.1 0.3405
751.65 0.3414
757.9166666666666 0.3422
763.6166666666667 0.3422
763.9333333333333 0.3414
769.2 0.3419
775.3333333333334 0.3421
781.6166666666667 0.3408
788.1666666666666 0.3414
795.1333333333333 0.3405
802.2333333333333 0.341
806.8333333333334 0.3409
812.1333333333333 0.3402
817.2833333333333 0.3406
824.8 0.3419
829.85 0.3426
835.8833333333333 0.3431
842.1333333333333 0.3433
847.0333333333333 0.3427
847.0833333333334 0.3427
852.6 0.3402
860.1166666666667 0.3381
867.3833333333333 0.338
874.6166666666667 0.3369
882.2 0.3366
888.05 0.3373
893.7833333333333 0.339
898.9333333333333 0.3369
905.2 0.3367
911.0666666666667 0.3366
917.75 0.3362
924.4333333333333 0.3352
930.1333333333333 0.3338
935.3 0.333
937.5666666666667 0.333
941.5833333333334 0.3334
946.5833333333334 0.3325
953.4166666666666 0.3313
960.5333333333333 0.3304
967.0666666666667 0.3306
970.55 0.3306
973.4833333333333 0.3301
978.65 0.3316
984.5 0.3314
989.65 0.3321
995.65 0.3314
1000.95 0.3311
1008.05 0.3297
1014.6 0.3292
1021.15 0.3287
1027.8333333333333 0.3285
1034.8166666666666 0.3289
1040.6666666666667 0.3291
1047.7666666666667 0.3305
1052.7833333333333 0.3299
1059.4666666666667 0.3308
1065.6 0.3305
1072.2833333333333 0.3307
1078.5666666666666 0.3309
1083.3 0.33
1087.9 0.3286
1093.6166666666666 0.3276
1098.6333333333334 0.3284
1104.0666666666666 0.3278
1108.9666666666667 0.3263
1115.7666666666667 0.3257
1122.4666666666667 0.3243
1128.75 0.3249
1134.0333333333333 0.3232
1139.45 0.3229
1144.5833333333333 0.3238
1151.9666666666667 0.3234
1159.0666666666666 0.321
1164.65 0.3211
1171.35 0.3208
1177.4666666666667 0.3192
1183.3166666666666 0.3193
1190.15 0.3204
1195.6 0.3199
1202.9833333333333 0.3194
1210.3666666666666 0.3176
1214.55 0.3176
1215.7 0.3167
1222.6666666666667 0.3163
1228.25 0.3161
1235.6333333333334 0.3167
1241.3333333333333 0.3171
1246.2333333333333 0.3169
1251.3666666666666 0.3162
1256.2666666666667 0.3169
1261.55 0.317
1268.95 0.3181
1274.9333333333334 0.3155
1280.0833333333333 0.3158
1284.9666666666667 0.3159
1292.35 0.3154
1298.35 0.3166
1305.45 0.3157
1307.0833333333333 0.3157
1312.1833333333334 0.3134
1318.0166666666667 0.3127
1324.4333333333334 0.313
1331.4 0.3142
1338.2333333333333 0.3145
1344.35 0.314
1349.5166666666667 0.3155
1356.4833333333333 0.3141
1361.2333333333333 0.3125
1367.6333333333334 0.3112
1374.8833333333334 0.3113
1381.1666666666667 0.3102
1362.6333333333334 0.3091
1367.8 0.308
1373.8 0.3073
1380.6166666666666 0.3067
1385.3666666666666 0.3065
1391.35 0.3067
1397.2 0.3066
1404.6 0.3069
1411.2833333333333 0.3067
1417.55 0.3066
1421.2833333333333 0.3066
1423.1333333333334 0.3071
1428.2833333333333 0.3059
1432.8833333333334 0.3051
1437.75 0.3047
1451.8333333333333 0.3049
1459.0833333333333 0.3039
1464.5166666666667 0.304
1470.1 0.3035
1477.0666666666666 0.3047
1484.0333333333333 0.3052
1490.4333333333334 0.3049
1497.7 0.3055
1502.7 0.3059
1509.2666666666667 0.3066
1516.65 0.3059
1523.2 0.3074
1528.8333333333333 0.3073
1534.4833333333333 0.308
1539.6333333333334 0.3076
1544.2333333333333 0.3081
1551.3333333333333 0.3071
1557.75 0.3068
1563.1833333333334 0.3057
1567.9333333333334 0.3068
1573.5 0.3059
1578.3833333333334 0.3058
1583.6666666666667 0.306
1590.65 0.3054
1596.5 0.3048
1601.7833333333333 0.3039
1607.65 0.3037
1613.2333333333333 0.3033
1619.75 0.3024
1626.7 0.3057
1631.3 0.307
1638.1333333333334 0.3091
1643.65 0.3091
1645.3833333333334 0.3082
1650.65 0.3081
1662.6333333333334 0.3077
1669.1833333333334 0.308
1675.5833333333333 0.309
1681.8666666666666 0.3093
1688.4 0.3108
1693.8666666666666 0.3081
1700.1666666666667 0.311
1706.55 0.3122
1712.6833333333334 0.3121
1717.7333333333333 0.3121
1717.85 0.3137
1724.1166666666666 0.3142
1731.65 0.3145
1737.2333333333333 0.315
1744.4833333333333 0.3145
1750.4833333333333 0.3147
1756.75 0.3151
1762.0333333333333 0.3158
1769.5666666666666 0.3167
1775.5666666666666 0.3173
1781.1333333333334 0.3188
1787.0 0.3184
1792.9166666666667 0.3193
1798.2333333333333 0.3197
1805.6166666666666 0.3199
1810.6333333333334 0.3207
1817.05 0.3213
1823.7333333333333 0.3216
1828.6166666666666 0.3214
1834.9 0.3228
1840.0 0.323
1851.7666666666667 0.322
1858.6166666666666 0.3223
1863.5 0.3216
1870.4666666666667 0.3203
1876.3333333333333 0.3208
1882.05 0.3215
1889.0166666666667 0.3227
1894.1833333333334 0.3228
1901.7166666666667 0.3212
1907.0166666666667 0.3206
1911.6166666666666 0.3205
1917.4833333333333 0.3191
1925.0 0.3188
1931.85 0.3172
1938.5333333333333 0.3171
1944.1166666666666 0.3158
1950.6666666666667 0.3162
1963.4333333333334 0.3184
1968.1666666666667 0.3178
1974.45 0.3163
1984.9 0.3168
1991.4666666666667 0.3164
1996.6333333333334 0.3162
2001.9166666666667 0.3175
2009.05 0.3173
2014.35 0.3174
2018.1 0.3174
2019.3666666666666 0.3162
2026.05 0.3156
2030.6666666666667 0.3148
2036.5166666666667 0.314
2041.6833333333334 0.3126
2047.4 0.3118
2053.25 0.311
2055.1 0.311
-1 -1
0.896
