0.0 0.3067
6.966666666666667 0.3061
13.100000000000001 0.3048
17.833333333333332 0.303
25.233333333333334 0.3014
30.233333333333334 0.3009
36.78333333333333 0.2989
44.166666666666664 0.296
50.56666666666666 0.2941
57.0 0.2926
61.71666666666667 0.2914
68.0 0.2896
73.85 0.2889
80.4 0.2886
85.98333333333333 0.2876
92.38333333333334 0.2868
98.8 0.2863
105.2 0.2844
110.36666666666667 0.2826
115.65 0.2812
120.8 0.2799
127.08333333333333 0.2795
133.21666666666667 0.2789
139.76666666666668 0.2785
145.88333333333333 0.2782
160.23333333333335 0.2784
167.35 0.2782
174.31666666666666 0.278
184.83333333333334 0.2777
187.91666666666666 0.2777
191.1 0.2772
195.85 0.2779
201.98333333333332 0.2791
209.48333333333335 0.2772
216.46666666666667 0.2771
221.35 0.2779
227.9 0.2791
233.46666666666667 0.2781
239.31666666666666 0.2773
244.2 0.2768
249.36666666666667 0.276
255.91666666666666 0.2752
261.9 0.2749
267.05 0.2744
273.3333333333333 0.2735
276.85 0.2735
277.93333333333334 0.2726
283.21666666666664 0.2721
288.23333333333335 0.2727
293.53333333333336 0.2749
300.9166666666667 0.2786
305.65 0.2788
305.9 0.2788
311.9166666666667 0.2808
317.48333333333335 0.2818
324.18333333333334 0.2828
329.3333333333333 0.283
334.48333333333335 0.2832
341.73333333333335 0.2869
348.7 0.2878
353.71666666666664 0.2873
359.28333333333336 0.2867
372.03333333333336 0.2869
378.21666666666664 0.2859
383.1 0.2852
390.3333333333333 0.2843
397.8666666666667 0.2841
404.26666666666665 0.2839
411.23333333333335 0.2838
417.65 0.285
422.95 0.2862
429.06666666666666 0.2863
433.6666666666667 0.2865
438.8333333333333 0.2863
445.51666666666665 0.287
452.35 0.288
457.3666666666667 0.2888
463.48333333333335 0.2918
470.6 0.2958
475.6166666666667 0.2982
481.75 0.2986
488.5833333333333 0.2989
493.1666666666667 0.3002
497.9 0.3018
502.65 0.3025
509.6166666666667 0.3019
515.75 0.303
520.6166666666667 0.3043
527.45 0.3057
533.4333333333333 0.3061
538.1666666666666 0.3073
542.7833333333333 0.3084
549.7333333333333 0.3095
556.85 0.3085
562.4166666666666 0.3074
567.15 0.3067
573.7166666666667 0.3061
578.8666666666667 0.3064
584.4333333333333 0.3049
591.8166666666667 0.3045
598.65 0.3027
602.45 0.3027
605.6166666666667 0.3012
612.4333333333333 0.299
617.8666666666667 0.2975
623.8666666666667 0.2965
628.75 0.2951
634.0333333333333 0.2947
640.1666666666666 0.2934
647.5666666666667 0.2924
653.2666666666667 0.2927
658.85 0.2922
662.45 0.2922
664.6833333333333 0.2917
670.55 0.2901
676.1166666666667 0.2897
681.6833333333333 0.2896
686.7166666666667 0.2895
693.45 0.2895
698.4166666666666 0.2888
705.9333333333333 0.2884
710.6833333333333 0.2867
717.3666666666667 0.2876
724.2 0.289
730.75 0.2894
737.85 0.2904
744.8166666666667 0.2921
757.0833333333334 0.2924
757.45 0.2924
763.9166666666666 0.2932
770.1833333333333 0.2942
776.1833333333333 0.2944
780.9166666666666 0.2941
785.7833333333333 0.2951
788.4666666666667 0.2951
791.9166666666666 0.2955
797.4833333333333 0.2953
804.05 0.2957
811.2833333333333 0.2982
816.4333333333333 0.2983
822.1666666666666 0.299
826.75 0.2997
831.8 0.2997
833.5 0.3027
839.0833333333334 0.3071
845.2 0.3047
851.6166666666667 0.3055
857.4833333333333 0.3056
863.75 0.3057
868.9 0.3071
874.4833333333333 0.3052
880.6833333333333 0.3074
885.8166666666667 0.3083
892.1 0.3092
897.25 0.3112
902.6833333333333 0.3137
907.85 0.3155
908.3666666666667 0.3155
912.8666666666667 0.3158
919.9666666666667 0.3151
924.5666666666667 0.3155
931.8166666666667 0.3148
937.3833333333333 0.3145
942.55 0.3144
944.4 0.3144
947.7 0.3159
953.1333333333333 0.3169
958.85 0.3179
965.8166666666667 0.3204
971.25 0.3223
978.0833333333334 0.3249
985.1833333333333 0.3256
991.6 0.3254
997.8666666666667 0.3272
1004.7 0.329
1011.8166666666667 0.3272
1017.1166666666667 0.3268
1023.3666666666667 0.3272
1030.4833333333333 0.329
1037.7333333333333 0.3281
1043.1666666666667 0.3293
1049.5833333333333 0.3318
1055.5666666666666 0.3329
1061.0 0.3334
1066.1666666666667 0.3339
1071.1666666666667 0.3357
1078.55 0.3352
1083.8666666666666 0.3349
1090.9666666666667 0.333
1096.6666666666667 0.3321
1101.8333333333333 0.3304
1109.35 0.3298
1114.2333333333333 0.3281
1119.6666666666667 0.3274
1126.2166666666667 0.3263
1130.9166666666667 0.3263
1133.3333333333333 0.324
1140.0166666666667 0.322
1146.8 0.3202
1153.9166666666667 0.3203
1159.2166666666667 0.3201
1165.0666666666666 0.3218
1170.6333333333334 0.3229
1177.3333333333333 0.3235
1184.0166666666667 0.3251
1189.3166666666666 0.3266
1194.4666666666667 0.3286
1199.0666666666666 0.3278
1204.5 0.3267
1210.5 0.3251
1216.8166666666666 0.3213
1223.7833333333333 0.3216
1230.75 0.3224
1237.7166666666667 0.3278
1242.3166666666666 0.3223
1248.0333333333333 0.3219
1253.3333333333333 0.3216
1259.6 0.3207
1264.75 0.325
1269.7666666666667 0.3243
1274.3666666666666 0.3237
1280.2333333333333 0.3178
1285.1 0.3172
1291.2333333333333 0.317
1297.0833333333333 0.3158
1302.5166666666667 0.3154
1309.0666666666666 0.3203
1314.1166666666666 0.3199
1318.7166666666667 0.3219
1324.5666666666666 0.323
1330.0 0.3257
1335.8666666666666 0.3257
1336.9666666666667 0.3279
1344.3666666666666 0.3266
1349.1 0.3258
1355.2166666666667 0.3269
1361.7833333333333 0.3282
1366.65 0.3294
1370.9166666666667 0.3294
1373.2 0.3302
1380.6 0.3323
1385.2333333333333 0.3285
1367.65 0.3296
1374.2 0.3305
1378.8 0.3317
1383.95 0.3315
1390.5 0.331
1397.05 0.3295
1402.4833333333333 0.3289
1408.9 0.3285
1415.7333333333333 0.3278
1423.25 0.3271
1428.55 0.327
1433.9833333333333 0.3265
1440.95 0.3259
1446.8 0.3258
1452.1333333333334 0.3258
1452.5166666666667 0.3251
1459.0666666666666 0.3254
1465.9 0.3252
1471.7666666666667 0.3254
1477.3333333333333 0.325
1484.45 0.3249
1491.8333333333333 0.3257
1498.6666666666667 0.3261
1504.5333333333333 0.3269
1509.25 0.3281
1515.25 0.3279
1522.2166666666667 0.328
1526.85 0.3286
1531.4 0.329
1537.55 0.3298
1542.55 0.3263
1547.9833333333333 0.3259
1553.5666666666666 0.3251
1558.45 0.3261
1565.55 0.324
1571.55 0.3238
1577.4 0.3231
1584.2333333333333 0.3239
1589.1 0.3222
1596.6333333333334 0.3215
1604.1666666666667 0.3213
1610.0166666666667 0.3207
1615.45 0.32
1621.8333333333333 0.3199
1627.4 0.3241
1632.1333333333334 0.3234
1639.1 0.3214
1646.6 0.3201
1658.1666666666667 0.3207
1665.55 0.3198
1672.3833333333334 0.3201
1677.2666666666667 0.3202
1683.95 0.3198
1691.3833333333334 0.3188
1696.2333333333333 0.3182
1701.55 0.3196
1715.2 0.3185
1718.3833333333334 0.3185
1719.95 0.3201
1725.9333333333334 0.3177
1732.7666666666667 0.3171
1737.3666666666666 0.3166
1743.5 0.3162
1748.3833333333334 0.3161
1753.95 0.3157
1759.8 0.3152
1764.9666666666667 0.3151
1770.5333333333333 0.3156
1776.55 0.3166
1784.0666666666666 0.3172
1788.6 0.3172
1790.4 0.3179
1796.9666666666667 0.3212
1804.0833333333333 0.3266
1810.6333333333334 0.3235
1816.4833333333333 0.3236
1822.6166666666666 0.3255
1827.35 0.3274
1834.4666666666667 0.3301
1839.8 0.3295
1844.9333333333334 0.327
1850.7833333333333 0.3261
1855.5333333333333 0.3251
1860.4166666666667 0.3244
1866.9666666666667 0.3256
1873.95 0.3266
1879.95 0.3274
1882.2833333333333 0.3274
1887.2 0.327
1894.7333333333333 0.3252
1901.7166666666667 0.3242
1907.4333333333334 0.3234
1913.15 0.3225
1919.5666666666666 0.3217
1931.2833333333333 0.3212
1936.0166666666667 0.3199
1942.3 0.3191
1948.0166666666667 0.3192
1955.4 0.3185
1960.8666666666666 0.3246
1965.65 0.3243
1972.35 0.3232
1979.05 0.3234
1986.5833333333333 0.3245
1992.85 0.3231
1999.6833333333334 0.3218
2005.6833333333334 0.3235
2011.55 0.3253
2017.9666666666667 0.3249
2023.1166666666666 0.3252
2028.4166666666667 0.3262
2035.25 0.3251
2042.7833333333333 0.3235
2049.2 0.3225
2054.5 0.323
-1 -1
0.848
