0.0 0.2576
24.016666666666666 0.2576
48.016666666666666 0.2576
72.01666666666667 0.2576
96.01666666666667 0.2576
120.01666666666667 0.2576
144.01666666666668 0.2576
167.6 0.2579
172.61666666666667 0.2581
177.36666666666667 0.2582
185.38333333333333 0.2582
196.38333333333333 0.2581
201.65 0.2579
208.78333333333333 0.2577
215.88333333333333 0.2576
239.88333333333333 0.2576
263.8833333333333 0.2576
274.31666666666666 0.2576
298.31666666666666 0.2576
303.3666666666667 0.2576
327.3666666666667 0.2576
351.3666666666667 0.2576
375.3666666666667 0.2576
399.3666666666667 0.2576
423.3666666666667 0.2576
447.3833333333333 0.2576
471.3833333333333 0.2576
495.3833333333333 0.2576
519.3833333333333 0.2576
543.3833333333333 0.2576
567.3833333333333 0.2576
591.3833333333333 0.2576
599.9166666666666 0.2576
623.9166666666666 0.2576
647.9166666666666 0.2576
659.9166666666666 0.2576
683.9166666666666 0.2576
690.9166666666666 0.2576
714.9333333333333 0.2576
738.9333333333333 0.2576
754.9166666666666 0.2576
778.9166666666666 0.2576
785.9333333333333 0.2576
809.9333333333333 0.2576
829.2666666666667 0.2576
853.2666666666667 0.2576
877.2666666666667 0.2576
901.2666666666667 0.2576
905.8333333333334 0.2576
929.8333333333334 0.2576
941.8666666666667 0.2576
965.8666666666667 0.2576
989.8666666666667 0.2576
1013.8833333333333 0.2576
1028.5 0.2585
1042.45 0.2588
1048.7166666666667 0.26
1056.2333333333333 0.2611
1061.8166666666666 0.262
1066.9666666666667 0.2629
1077.2833333333333 0.2633
1082.3 0.2635
1088.9833333333333 0.2634
1102.0833333333333 0.2633
1108.3666666666666 0.263
1114.9 0.2632
1120.35 0.263
1128.3833333333334 0.263
1131.6333333333334 0.2629
1142.1333333333334 0.2628
1149.15 0.2625
1155.85 0.2622
1161.6833333333334 0.262
1175.0666666666666 0.2617
1181.35 0.2615
1186.0833333333333 0.2614
1198.5 0.2611
1203.2166666666667 0.2609
1209.0833333333333 0.2608
1214.4166666666667 0.2615
1221.3833333333334 0.2608
1227.6666666666667 0.2604
1235.05 0.2602
1240.3333333333333 0.2601
1245.7833333333333 0.26
1266.6833333333334 0.2598
1271.8333333333333 0.2597
1277.2833333333333 0.2596
1300.9666666666667 0.2595
1307.95 0.2596
1315.4833333333333 0.2599
1322.3166666666666 0.26
1327.8833333333334 0.2601
1333.3333333333333 0.2601
1339.3 0.2602
1346.0 0.2603
1352.9666666666667 0.2604
1357.85 0.2606
1368.3833333333334 0.2606
1371.0833333333333 0.2607
1382.85 0.2603
1366.3666666666666 0.2601
1371.5333333333333 0.2598
1377.8 0.2597
1384.4833333333333 0.2599
1391.6166666666666 0.2597
1396.8833333333334 0.2598
1402.9 0.2599
1409.0166666666667 0.2601
1416.1166666666666 0.2602
1435.6333333333334 0.2601
1442.1833333333334 0.26
1449.6 0.26
1453.35 0.2603
1459.4666666666667 0.2602
1471.3166666666666 0.2603
1484.7166666666667 0.2608
1494.1833333333334 0.2612
1500.0333333333333 0.2616
1506.8666666666666 0.2621
1513.8333333333333 0.2622
1519.6833333333334 0.2626
1526.7166666666667 0.2632
1531.2333333333333 0.2636
1547.2666666666667 0.2638
1553.8166666666666 0.2636
1559.95 0.2633
1567.4833333333333 0.2634
1573.4666666666667 0.2635
1580.85 0.2637
1587.55 0.2636
1592.85 0.2637
1616.85 0.2637
1620.0 0.2641
1625.8333333333333 0.2664
1631.1333333333334 0.2686
1636.3 0.2679
1641.8833333333334 0.2686
1646.5833333333333 0.2718
1653.2666666666667 0.2768
1665.1166666666666 0.2777
1672.2166666666667 0.2809
1678.4833333333333 0.2813
1684.6166666666666 0.2831
1689.9666666666667 0.2786
1695.25 0.2779
1700.4 0.2771
1706.25 0.2763
1713.35 0.2774
1715.85 0.2774
1718.8 0.2781
1726.05 0.2767
1732.6 0.2761
1739.0166666666667 0.276
1744.45 0.2758
1750.0333333333333 0.2752
1757.55 0.275
1764.8166666666666 0.2753
1771.9166666666667 0.2757
1777.6333333333334 0.283
1784.1833333333334 0.2838
1786.0666666666666 0.2838
1791.5 0.2836
1798.4833333333333 0.2927
1805.3166666666666 0.2878
1812.7 0.288
1817.7166666666667 0.2887
1823.4333333333334 0.2919
1829.2833333333333 0.3022
1834.1666666666667 0.297
1841.5666666666666 0.2962
1846.45 0.2945
1852.0166666666667 0.2931
1856.7666666666667 0.2924
1864.3 0.2917
1871.8333333333333 0.2911
1877.9666666666667 0.2909
1879.75 0.2909
1885.2333333333333 0.292
1891.9333333333334 0.2928
1898.0666666666666 0.2933
1903.7833333333333 0.2937
1909.6333333333334 0.2934
1914.5166666666667 0.2929
1920.8 0.2918
1927.4833333333333 0.2913
1934.6 0.2909
1939.35 0.2904
1944.2333333333333 0.2895
1948.9666666666667 0.2893
1956.4666666666667 0.2889
1963.55 0.294
1970.2333333333333 0.2927
1975.2666666666667 0.2933
1980.0 0.2932
1985.3 0.2931
1990.4666666666667 0.2915
1995.7666666666667 0.2898
2002.0333333333333 0.29
2006.7833333333333 0.2895
2012.2166666666667 0.2886
2019.05 0.288
2025.05 0.2882
2031.3333333333333 0.288
2038.1666666666667 0.2891
2043.3166666666666 0.2897
2050.016666666667 0.2898
-1 -1
0.848
