0.0 0.3602
6.133333333333333 0.3578
13.500000000000002 0.3551
18.8 0.3533
25.916666666666668 0.3517
31.766666666666666 0.3493
37.9 0.3473
44.166666666666664 0.3459
48.9 0.3444
56.28333333333333 0.3423
61.166666666666664 0.3404
68.68333333333334 0.3384
73.43333333333334 0.3374
80.66666666666667 0.3358
87.36666666666667 0.3342
92.51666666666667 0.333
98.36666666666667 0.331
103.1 0.3291
109.1 0.3263
116.48333333333333 0.3245
124.0 0.322
129.3 0.3196
135.56666666666666 0.3182
146.43333333333334 0.3179
159.4 0.318
164.55 0.3178
171.38333333333333 0.3173
176.96666666666667 0.3171
184.41666666666666 0.3185
184.56666666666666 0.3185
190.11666666666667 0.3207
195.26666666666668 0.3227
201.8 0.3247
207.13333333333333 0.3218
213.68333333333334 0.3219
218.55 0.323
225.93333333333334 0.3249
232.76666666666668 0.3233
238.76666666666668 0.3224
244.75 0.3201
252.0 0.3183
257.85 0.3171
264.4 0.3159
270.53333333333336 0.3143
273.5 0.3143
275.96666666666664 0.3131
281.26666666666665 0.312
288.3666666666667 0.314
295.3333333333333 0.3168
301.8833333333333 0.3171
302.55 0.3171
309.0 0.3195
314.7 0.3211
320.8333333333333 0.3222
325.56666666666666 0.3221
333.0833333333333 0.3237
339.6333333333333 0.3255
346.3333333333333 0.3258
353.56666666666666 0.3266
359.8333333333333 0.3283
366.1166666666667 0.3298
372.78333333333336 0.33
379.18333333333334 0.3309
384.48333333333335 0.3321
389.5 0.3323
396.75 0.3343
402.05 0.3335
408.73333333333335 0.3343
415.4166666666667 0.3352
420.28333333333336 0.3354
425.3 0.336
430.03333333333336 0.3361
436.31666666666666 0.3367
443.56666666666666 0.3393
448.5833333333333 0.338
453.18333333333334 0.3364
459.1666666666667 0.3358
466.1333333333333 0.3371
473.1 0.34
477.96666666666664 0.3399
483.8333333333333 0.3406
490.25 0.3425
494.96666666666664 0.3434
502.21666666666664 0.3426
509.6166666666667 0.3427
516.7166666666667 0.3438
522.8333333333334 0.3448
533.85 0.346
541.3666666666667 0.3479
548.6333333333333 0.3472
555.0333333333333 0.3461
561.0166666666667 0.3455
567.3 0.3448
574.6666666666666 0.3449
580.8 0.344
588.0666666666667 0.3431
595.0166666666667 0.3418
599.1 0.3418
600.1833333333333 0.3409
605.8833333333333 0.3391
612.5666666666667 0.3364
619.4166666666666 0.3358
626.0833333333334 0.3347
630.8166666666667 0.3343
635.9833333333333 0.335
650.75 0.3326
656.8833333333333 0.3319
659.1 0.3319
662.0333333333333 0.3323
666.9166666666666 0.3308
673.4666666666667 0.331
680.1666666666666 0.3316
687.2666666666667 0.332
690.1 0.332
692.1333333333333 0.3317
696.7333333333333 0.3297
702.7333333333333 0.3295
708.3 0.3299
715.4166666666666 0.3314
720.0166666666667 0.3317
726.2833333333333 0.3322
733.6666666666666 0.3341
740.7666666666667 0.3343
746.0666666666667 0.3346
752.6166666666667 0.334
754.1 0.334
757.3666666666667 0.3342
763.9 0.3347
770.7333333333333 0.3337
778.25 0.3333
785.1166666666667 0.3333
785.5 0.3344
792.8833333333333 0.3333
798.4666666666667 0.3336
804.0333333333333 0.3349
810.5833333333334 0.3353
817.0 0.3359
823.2666666666667 0.3377
828.45 0.3377
828.6166666666667 0.3383
833.9166666666666 0.3402
840.05 0.3408
847.4333333333333 0.3407
853.5666666666667 0.3389
859.8333333333334 0.3393
867.3666666666667 0.3363
872.8833333333333 0.336
879.9666666666667 0.3378
884.7 0.3374
889.3 0.3373
894.7333333333333 0.3384
900.1833333333333 0.339
905.0166666666667 0.339
906.0333333333333 0.3403
912.3 0.3391
916.9 0.3389
924.4333333333333 0.339
929.4333333333333 0.3391
936.55 0.3394
941.05 0.3394
943.1 0.3397
949.3666666666667 0.3407
956.7666666666667 0.3426
962.05 0.3424
968.6 0.3447
974.8666666666667 0.3455
984.2 0.3457
990.9 0.3447
995.7833333333333 0.3461
1002.75 0.3482
1008.8833333333333 0.346
1015.5666666666667 0.3457
1022.1166666666667 0.3471
1028.95 0.3466
1036.05 0.3456
1041.2 0.3465
1048.3166666666666 0.3476
1054.1666666666667 0.3468
1061.0 0.3469
1066.15 0.3478
1071.0333333333333 0.3474
1077.15 0.3472
1082.3166666666666 0.3463
1087.6166666666666 0.3449
1092.6333333333334 0.3441
1099.8833333333334 0.3425
1105.1833333333334 0.3414
1109.7833333333333 0.34
1115.6166666666666 0.3379
1122.7333333333333 0.3375
1127.5666666666666 0.3375
1127.8833333333334 0.3358
1133.1833333333334 0.3346
1140.4666666666667 0.3347
1147.5 0.3332
1153.7666666666667 0.331
1159.2 0.3309
1165.3333333333333 0.3324
1172.7333333333333 0.3335
1178.15 0.3334
1184.4333333333334 0.3345
1189.1666666666667 0.3365
1195.45 0.3358
1201.3 0.3349
1208.6833333333334 0.3309
1214.0166666666667 0.3287
1221.2666666666667 0.3281
1226.9833333333333 0.3272
1233.1333333333334 0.3253
1238.55 0.3239
1244.4 0.3223
1251.3666666666666 0.3213
1258.75 0.3203
1264.0666666666666 0.3195
1271.5833333333333 0.3239
1278.2666666666667 0.317
1283.4166666666667 0.3165
1288.5833333333333 0.3162
1294.3 0.3152
1299.8666666666666 0.3145
1306.7333333333333 0.3148
1314.25 0.3211
1321.2166666666667 0.3218
1326.65 0.3236
1332.5166666666667 0.3236
1333.7666666666667 0.3244
1340.5833333333333 0.3231
1346.8666666666666 0.3224
1352.9833333333333 0.3232
1358.8333333333333 0.3219
1365.1166666666666 0.324
1367.5666666666666 0.324
1372.0833333333333 0.3238
1376.8333333333333 0.3248
1382.6 0.3195
1364.7333333333333 0.32
1378.2333333333333 0.321
1383.6666666666667 0.3206
1389.9333333333334 0.3198
1396.9333333333334 0.3192
1404.3 0.3187
1410.7 0.3184
1423.8166666666666 0.3181
1429.9333333333334 0.3175
1435.3833333333334 0.3174
1442.7666666666667 0.3178
1448.7833333333333 0.3178
1449.0333333333333 0.3181
1455.0333333333333 0.3195
1460.9 0.3201
1466.6 0.3202
1471.2 0.3205
1478.5833333333333 0.3219
1483.4666666666667 0.3236
1490.3 0.323
1495.1833333333334 0.3241
1501.3166666666666 0.3256
1507.5833333333333 0.3272
1514.4166666666667 0.3271
1520.5333333333333 0.3275
1525.7333333333333 0.3283
1530.5666666666666 0.3291
1536.1333333333334 0.3303
1542.0 0.33
1547.9833333333333 0.3298
1554.4 0.3289
1561.9166666666667 0.3273
1573.0666666666666 0.3257
1578.7833333333333 0.325
1584.0833333333333 0.3241
1591.6166666666666 0.3231
1596.35 0.3227
1601.2333333333333 0.3221
1607.35 0.3219
1613.35 0.3212
1618.35 0.3215
1624.1833333333334 0.3259
1630.75 0.3249
1637.4333333333334 0.3235
1644.5166666666667 0.3236
1649.6666666666667 0.3246
1655.3666666666666 0.3244
1662.35 0.324
1668.3333333333333 0.3247
1672.9333333333334 0.324
1679.4833333333333 0.3236
1687.0833333333333 0.321
1691.7666666666667 0.3216
1698.4666666666667 0.3226
1704.1833333333334 0.3234
1709.3333333333333 0.3208
1715.0333333333333 0.3208
1715.05 0.3227
1721.3166666666666 0.3216
1728.4333333333334 0.3211
1734.9833333333333 0.3206
1742.25 0.3203
1755.2 0.3198
1760.9166666666667 0.3195
1766.0833333333333 0.3197
1773.05 0.3208
1779.1833333333334 0.3211
1785.25 0.3211
1786.65 0.3232
1793.4666666666667 0.3245
1798.2166666666667 0.3263
1803.9333333333334 0.3251
1810.7666666666667 0.3248
1815.6333333333334 0.325
1823.0333333333333 0.3263
1830.15 0.3286
1835.6166666666666 0.3278
1841.8666666666666 0.3263
1849.4 0.3255
1855.1166666666666 0.3246
1861.5333333333333 0.3239
1873.25 0.324
1878.1333333333334 0.3237
1878.9333333333334 0.3237
1883.7166666666667 0.3233
1895.5833333333333 0.3235
1900.7333333333333 0.3231
1906.3166666666666 0.3232
1912.45 0.3229
1918.8666666666666 0.323
1923.8833333333334 0.3222
1929.8833333333334 0.3218
1936.0333333333333 0.3217
1942.4333333333334 0.3212
1949.6833333333334 0.3208
1955.2166666666667 0.3204
1961.75 0.3239
1967.1833333333334 0.3228
1973.8833333333334 0.3224
1981.0 0.3225
1986.5833333333333 0.3227
1993.4166666666667 0.3222
2004.0166666666667 0.3232
2009.1666666666667 0.3239
2016.4166666666667 0.3245
2023.6833333333334 0.3254
2030.0833333333333 0.3249
2036.3666666666666 0.3244
2042.65 0.3248
2049.2 0.324
-1 -1
0.848
