0.0 0.2973
7.266666666666666 0.2961
14.633333333333335 0.2948
20.916666666666668 0.2939
27.450000000000003 0.2931
34.28333333333333 0.292
40.41666666666667 0.2903
45.15 0.2896
50.03333333333333 0.2891
56.583333333333336 0.2884
61.18333333333334 0.2877
67.58333333333333 0.2866
73.31666666666666 0.2849
79.43333333333334 0.2846
84.16666666666667 0.2834
91.0 0.2809
96.58333333333333 0.2791
101.73333333333333 0.2771
107.16666666666667 0.2746
113.85 0.2724
119.15 0.2714
124.71666666666667 0.2701
131.96666666666667 0.2684
136.85 0.2675
142.7 0.2666
148.55 0.2662
155.65 0.2652
162.9 0.2646
169.16666666666666 0.2645
183.46666666666667 0.2645
189.3 0.2644
196.81666666666666 0.2646
202.25 0.2644
207.98333333333335 0.2639
213.96666666666667 0.2638
220.95 0.264
226.23333333333335 0.2639
231.4 0.2638
238.35 0.2635
245.75 0.2633
252.56666666666666 0.263
257.31666666666666 0.2627
264.1333333333333 0.2625
269.43333333333334 0.2623
272.4 0.2623
275.98333333333335 0.2621
286.85 0.2622
292.1333333333333 0.2625
296.8833333333333 0.2629
301.45 0.2629
307.75 0.2631
313.03333333333336 0.2632
318.75 0.2633
325.01666666666665 0.2635
330.03333333333336 0.2634
337.4166666666667 0.2639
344.25 0.2642
356.23333333333335 0.2641
380.23333333333335 0.2641
381.01666666666665 0.2639
403.5833333333333 0.2635
410.0 0.2636
415.3 0.2638
427.55 0.2639
433.53333333333336 0.2642
438.7 0.2645
444.0 0.2651
449.15 0.2667
453.8833333333333 0.2677
460.5833333333333 0.2712
467.4 0.2752
474.51666666666665 0.2775
481.8833333333333 0.278
487.2 0.2801
493.05 0.2835
497.6333333333333 0.2849
502.25 0.2847
507.1166666666667 0.2865
512.8166666666667 0.2881
518.95 0.2909
524.95 0.2915
530.3833333333333 0.2933
535.95 0.2955
540.9666666666667 0.2967
547.5333333333333 0.2963
554.35 0.2961
559.6333333333333 0.2954
566.3333333333334 0.2957
572.8833333333333 0.2948
578.45 0.2947
585.15 0.2931
591.0 0.2945
596.2833333333333 0.2927
598.0 0.2927
603.5333333333333 0.2899
609.1 0.2878
614.2666666666667 0.2864
620.8 0.2848
626.1 0.2846
633.0833333333334 0.2806
640.3166666666667 0.2803
647.2833333333333 0.2792
652.0333333333333 0.2766
657.4666666666667 0.2764
658.0 0.2764
668.4666666666667 0.2736
675.85 0.2724
681.9833333333333 0.2717
689.0 0.2717
689.0833333333334 0.2693
694.95 0.269
700.5166666666667 0.2672
705.5333333333333 0.2649
710.55 0.2647
734.55 0.2647
735.6333333333333 0.2646
743.15 0.2645
753.0 0.2645
755.4166666666666 0.2642
760.3 0.264
767.2666666666667 0.2642
772.2833333333333 0.2641
777.3 0.264
783.7 0.2642
784.0166666666667 0.2642
794.85 0.2641
810.45 0.2642
817.4333333333333 0.2645
824.1333333333333 0.2644
827.35 0.2644
829.8833333333333 0.2645
836.0333333333333 0.2662
841.1666666666666 0.2669
848.4166666666666 0.2668
853.4333333333333 0.2664
859.5666666666667 0.2663
864.45 0.2671
871.5666666666667 0.2658
876.9333333333333 0.2651
884.3 0.2679
889.8833333333333 0.2688
896.9833333333333 0.2699
902.9666666666667 0.2737
903.9166666666666 0.2737
910.5 0.2747
915.1 0.2751
922.6333333333333 0.2759
928.75 0.2763
935.0333333333333 0.2762
939.95 0.2762
940.75 0.2781
947.3 0.2791
952.5833333333334 0.2797
958.0166666666667 0.2806
964.0166666666667 0.2831
969.0333333333333 0.2856
975.1666666666666 0.289
981.15 0.2889
987.4333333333333 0.2893
993.9833333333333 0.2908
998.85 0.2907
1010.9833333333333 0.2896
1022.4166666666666 0.2909
1027.0 0.2912
1032.5833333333333 0.2906
1039.55 0.291
1045.8166666666666 0.2948
1053.35 0.2981
1058.3666666666666 0.3014
1064.7833333333333 0.3048
1070.6166666666666 0.3054
1077.5833333333333 0.3049
1084.15 0.3038
1090.55 0.303
1095.85 0.3015
1100.7333333333333 0.3017
1106.45 0.2996
1112.7166666666667 0.2988
1119.8166666666666 0.2969
1125.1166666666666 0.2954
1126.4666666666667 0.2954
1130.4166666666667 0.2934
1136.2666666666667 0.2907
1142.9166666666667 0.2872
1147.8 0.2868
1153.3666666666666 0.2859
1160.1833333333334 0.2839
1166.4666666666667 0.2831
1171.6333333333334 0.2829
1176.7833333333333 0.2823
1182.6333333333334 0.282
1190.0166666666667 0.2814
1196.3 0.2809
1201.5833333333333 0.2801
1208.55 0.2798
1215.0166666666667 0.2787
1220.0166666666667 0.2786
1226.8666666666666 0.2776
1233.8333333333333 0.2782
1241.35 0.2756
1248.6 0.2754
1255.85 0.2751
1261.9666666666667 0.2745
1268.1166666666666 0.2758
1273.1333333333334 0.2737
1278.2833333333333 0.2731
1284.55 0.2729
1289.5666666666666 0.2728
1296.25 0.2723
1302.8 0.2722
1308.4 0.274
1315.2333333333333 0.2751
1322.3333333333333 0.2756
1329.0333333333333 0.2772
1331.4166666666667 0.2772
1334.1833333333334 0.2778
1340.45 0.2782
1346.4666666666667 0.2784
1351.4666666666667 0.2796
1356.4833333333333 0.2807
1361.9333333333334 0.2816
1366.4666666666667 0.2816
1368.75 0.2826
1374.75 0.285
1380.1 0.2839
1362.2166666666667 0.2842
1368.9166666666667 0.2832
1374.35 0.2841
1380.2166666666667 0.2846
1387.5833333333333 0.2848
1393.5833333333333 0.2845
1400.85 0.2848
1406.0 0.2859
1412.5333333333333 0.2866
1419.3666666666666 0.287
1424.9333333333334 0.2873
1429.6833333333334 0.2879
1442.35 0.2895
1447.6833333333334 0.2895
1448.35 0.2924
1455.1833333333334 0.2957
1462.0166666666667 0.2963
1469.4 0.2987
1475.5333333333333 0.3011
1481.25 0.3031
1485.8666666666666 0.3045
1492.55 0.3069
1497.2833333333333 0.3091
1504.25 0.3116
1509.9666666666667 0.3121
1515.4 0.313
1520.4166666666667 0.3136
1527.7833333333333 0.3163
1532.3833333333334 0.3169
1537.2666666666667 0.3148
1543.6833333333334 0.316
1548.4166666666667 0.3165
1553.7166666666667 0.3168
1559.4333333333334 0.3149
1564.0333333333333 0.3144
1569.75 0.3136
1574.9 0.3133
1580.9 0.3125
1587.0166666666667 0.3113
1594.2833333333333 0.3103
1599.4333333333334 0.3102
1605.5666666666666 0.3098
1611.15 0.3091
1618.0833333333333 0.3087
1625.1833333333334 0.3148
1632.2833333333333 0.3149
1638.4166666666667 0.3146
1643.2666666666667 0.3149
1650.2333333333333 0.3168
1662.5 0.3164
1668.6333333333334 0.3177
1673.3666666666666 0.3178
1680.2 0.3177
1687.0666666666666 0.3137
1693.1833333333334 0.3145
1697.7833333333333 0.315
1702.9333333333334 0.3162
1709.7833333333333 0.3137
1713.9333333333334 0.3137
1716.2 0.3136
1723.1666666666667 0.3158
1730.6833333333334 0.3132
1737.2333333333333 0.313
1741.9666666666667 0.3132
1749.2333333333333 0.3133
1756.2 0.3138
1762.05 0.3141
1767.7666666666667 0.3158
1774.7333333333333 0.3173
1780.8833333333334 0.3184
1784.15 0.3184
1785.55 0.3207
1790.4166666666667 0.3241
1795.1666666666667 0.324
1800.0333333333333 0.3241
1806.3166666666666 0.3242
1811.3333333333333 0.3245
1816.2166666666667 0.325
1822.35 0.3275
1828.4833333333333 0.3341
1833.2666666666667 0.3298
1839.3666666666666 0.3283
1844.95 0.3266
1850.6666666666667 0.3263
1857.2166666666667 0.3258
1864.6166666666666 0.3256
1870.4666666666667 0.3258
1877.7333333333333 0.3265
1877.8333333333333 0.3265
1883.7333333333333 0.3268
1889.1666666666667 0.3266
1900.75 0.327
1906.75 0.3277
1912.3166666666666 0.3275
1919.5833333333333 0.3273
1926.8333333333333 0.3277
1933.6666666666667 0.3278
1938.4 0.3276
1943.4333333333334 0.3279
1948.0333333333333 0.3284
1954.2666666666667 0.3301
1961.35 0.3355
1968.7333333333333 0.3345
1975.15 0.3352
1980.7333333333333 0.3359
1986.6 0.3353
1993.4333333333334 0.3344
1999.7 0.3345
2006.1166666666666 0.3359
2013.5166666666667 0.3367
2018.5333333333333 0.3369
2024.3833333333334 0.3375
2030.3833333333334 0.3374
2036.25 0.3365
2041.4 0.337
2046.7 0.3359
2053.4 0.3362
-1 -1
0.848
