0.0 0.828
24.01666666666667 0.828
48.03333333333333 0.828
61.483333333333334 0.828
85.48333333333333 0.828
109.5 0.828
133.5 0.828
157.51666666666668 0.828
181.51666666666668 0.828
205.51666666666668 0.828
229.53333333333333 0.828
253.53333333333333 0.828
277.55 0.828
301.55 0.828
325.56666666666666 0.828
349.56666666666666 0.828
373.56666666666666 0.828
397.5833333333333 0.828
421.5833333333333 0.828
445.6 0.828
469.6 0.828
493.6166666666667 0.828
505.05 0.828
529.05 0.828
553.0666666666667 0.828
577.0666666666667 0.828
598.0333333333333 0.828
622.05 0.828
628.05 0.828
652.05 0.828
676.05 0.828
700.0666666666667 0.828
724.0666666666667 0.828
748.0833333333334 0.828
751.05 0.828
775.0666666666667 0.828
782.05 0.828
806.0666666666667 0.828
830.0833333333334 0.828
845.0833333333334 0.828
869.1 0.828
893.1166666666667 0.828
917.1166666666667 0.828
941.1166666666667 0.828
965.1166666666667 0.828
989.1166666666667 0.828
1013.1166666666667 0.828
1037.1333333333334 0.828
1061.1333333333334 0.828
1085.15 0.828
1109.15 0.828
1133.15 0.828
1147.95 0.828
1171.9666666666667 0.828
1195.9666666666667 0.828
1219.9833333333333 0.828
1243.9833333333333 0.828
1267.9833333333333 0.828
1292.0 0.828
1294.5166666666667 0.828
1318.5333333333333 0.828
1342.55 0.828
1366.5666666666666 0.828
1366.5833333333333 0.828
1390.5833333333333 0.828
1401.7166666666667 0.828
1425.7166666666667 0.828
1436.7333333333333 0.828
1460.75 0.828
1484.75 0.828
1507.35 0.828
1531.35 0.828
1555.3666666666666 0.828
1579.3666666666666 0.828
1582.3666666666666 0.828
1606.3666666666666 0.828
1630.3833333333334 0.828
1654.3833333333334 0.828
1678.4 0.828
1702.4166666666667 0.828
1726.4166666666667 0.828
1750.4333333333334 0.828
1774.45 0.828
1798.4666666666667 0.828
1822.4666666666667 0.828
1846.4666666666667 0.828
1870.4833333333333 0.828
1894.4833333333333 0.828
1918.4833333333333 0.828
1942.5 0.828
1966.5166666666667 0.828
1990.5166666666667 0.828
2014.5333333333333 0.828
2038.5333333333333 0.828
-1 -1
3.125
