0.0 2.76
24.01666666666667 2.76
48.03333333333333 2.76
61.483333333333334 2.76
85.48333333333333 2.76
109.5 2.76
133.5 2.76
157.51666666666668 2.76
181.51666666666668 2.76
205.51666666666668 2.76
229.53333333333333 2.76
253.53333333333333 2.76
277.55 2.76
301.55 2.76
325.56666666666666 2.76
349.56666666666666 2.76
373.56666666666666 2.76
397.5833333333333 2.76
421.5833333333333 2.76
445.6 2.76
469.6 2.76
493.6166666666667 2.76
505.05 2.76
529.05 2.76
553.0666666666667 2.76
577.0666666666667 2.76
598.0333333333333 2.76
622.05 2.76
628.05 2.76
652.05 2.76
676.05 2.76
700.0666666666667 2.76
724.0666666666667 2.76
748.0833333333334 2.76
751.05 2.76
775.0666666666667 2.76
782.05 2.76
806.0666666666667 2.76
830.0833333333334 2.76
845.0833333333334 2.76
869.1 2.76
893.1166666666667 2.76
917.1166666666667 2.76
941.1166666666667 2.76
965.1166666666667 2.76
989.1166666666667 2.76
1013.1166666666667 2.76
1037.1333333333334 2.76
1061.1333333333334 2.76
1085.15 2.76
1109.15 2.76
1133.15 2.76
1147.95 2.76
1171.9666666666667 2.76
1195.9666666666667 2.76
1219.9833333333333 2.76
1243.9833333333333 2.76
1267.9833333333333 2.76
1292.0 2.76
1294.5166666666667 2.76
1318.5333333333333 2.76
1342.55 2.76
1366.5666666666666 2.76
1366.5833333333333 2.76
1390.5833333333333 2.76
1401.7166666666667 2.76
1425.7166666666667 2.76
1436.7333333333333 2.76
1460.75 2.76
1484.75 2.76
1507.35 2.76
1531.35 2.76
1555.3666666666666 2.76
1579.3666666666666 2.76
1582.3666666666666 2.76
1606.3666666666666 2.76
1630.3833333333334 2.76
1654.3833333333334 2.76
1678.4 2.76
1702.4166666666667 2.76
1726.4166666666667 2.76
1750.4333333333334 2.76
1774.45 2.76
1798.4666666666667 2.76
1822.4666666666667 2.76
1846.4666666666667 2.76
1870.4833333333333 2.76
1894.4833333333333 2.76
1918.4833333333333 2.76
1942.5 2.76
1966.5166666666667 2.76
1990.5166666666667 2.76
2014.5333333333333 2.76
2038.5333333333333 2.76
-1 -1
3.125
